11535	3943	0.028595257088983972
29525	3670	0.026615418086880848
29616	3336	0.024193197476249186
25472	2164	0.01569366886648778
15622	1987	0.014410036986003336
2704	1976	0.014330263253317863
15047	1950	0.01414170715787947
8438	1909	0.013844368699688157
4488	1796	0.013024874900282835
15799	1603	0.01162520849952861
18484	1561	0.011320617883820437
26419	1559	0.011306113568786713
3425	1555	0.011277104938719269
1301	1426	0.010341576619044165
3861	1390	0.01008049894843716
18357	1349	0.009783160490245848
1220	1334	0.009674378127492929
16878	1274	0.009239248676481253
9217	1184	0.008586554499963739
28236	1166	0.008456015664660236
16276	1156	0.008383494089491624
25819	1113	0.00807165131626659
11951	1112	0.008064399158749729
21363	1108	0.008035390528682284
11601	1101	0.007984625426064254
27756	1099	0.007970121111030532
6640	1036	0.007513235187468272
18509	1032	0.007484226557400827
23892	982	0.007121618681557763
25486	971	0.007041844948872289
2320	969	0.007027340633838567
21547	956	0.00693306258611937
18536	949	0.006882297483501341
7549	943	0.006838784538400174
9515	939	0.006809775908332729
2192	915	0.006635724127928059
17890	886	0.006425411559939082
10220	865	0.006273116252084996
20573	864	0.006265864094568134
7863	852	0.0061788382043657985
3105	848	0.0061498295742983536
29366	837	0.00607005584161288
6603	821	0.005954021321343099
8449	813	0.005896004061208209
134	808	0.005859743273623903
5246	783	0.005678439335702372
19490	761	0.005518891870331424
11412	761	0.005518891870331424
12305	744	0.005395605192544782
8501	744	0.005395605192544782
2914	738	0.005352092247443614
4370	717	0.005199796939589528
19370	714	0.005178040467038944
686	710	0.005149031836971499
7176	686	0.004974980056566829
5109	673	0.0048807020088476325
30502	662	0.0048009282761621586
19132	662	0.0048009282761621586
323	652	0.004728406700993545
26189	634	0.0045978678656900425
10742	625	0.004532598448038291
891	621	0.004503589817970846
11137	601	0.004358546667633621
24122	595	0.004315033722532453
3883	577	0.0041844948872289504
2606	564	0.004090216839509754
21600	559	0.0040539560519254475
1612	541	0.003923417216621945
30629	528	0.0038291391689027486
18826	510	0.0036986003335992457
8976	508	0.0036840960185655232
11734	508	0.0036840960185655232
3650	497	0.0036043222858800493
12722	496	0.003597070128363188
16397	494	0.0035825658133294656
23160	484	0.003510044238160853
3278	480	0.0034810356080934076
175	479	0.0034737834505765464
29295	468	0.0033940097178910725
9880	464	0.0033650010878236276
621	462	0.003350496772789905
7318	459	0.003328740300239321
16378	454	0.003292479512655015
1180	451	0.003270723040104431
14278	450	0.00326347088258757
3080	442	0.0032054536224526797
13644	439	0.003183697149902096
25617	435	0.0031546885198346507
12121	435	0.0031546885198346507
5270	434	0.0031474363623177895
8591	431	0.003125679889767206
11928	426	0.0030894191021828992
23730	418	0.0030314018420480094
440	417	0.003024149684531148
18112	416	0.003016897527014287
3496	413	0.002995141054463703
26626	409	0.002966132424396258
2501	408	0.0029588802668793967
796	400	0.0029008630067445065
20102	393	0.0028500979041264775
2715	386	0.002799332801508449
21957	384	0.0027848284864747264
17581	380	0.002755819856407281
4785	378	0.0027413155413735586
27718	376	0.002726811226339836
18178	373	0.0027050547537892525
8262	371	0.0026905504387555296
12945	369	0.002676046123721807
1843	365	0.0026470374936543623
4947	365	0.0026470374936543623
14863	360	0.0026107767060700557
5030	359	0.0026035245485531945
13116	350	0.002538255130901443
6052	348	0.0025237508158677206
25008	345	0.002501994343317137
14593	342	0.002480237870766553
7107	335	0.002429472768148524
8065	334	0.002422220610631663
25049	322	0.002335194720429328
11922	319	0.002313438247878744
13024	312	0.002262673145260715
881	308	0.00223366451519327
27182	308	0.00223366451519327
14622	306	0.0022191602001595473
22616	304	0.002204655885125825
262	302	0.0021901515700921024
23668	300	0.00217564725505838
1189	299	0.0021683950975415187
1716	297	0.002153890782507796
22451	296	0.0021466386249909346
3648	285	0.0020668648923054607
24135	283	0.0020523605772717383
24151	282	0.002045108419754877
3284	281	0.002037856262238016
13701	276	0.0020015954746537097
13450	272	0.0019725868445862643
7777	272	0.0019725868445862643
21213	270	0.001958082529552542
17058	269	0.0019508303720356807
16305	266	0.0019290738994850968
8383	261	0.0018928131119007904
27586	259	0.001878308796867068
19471	258	0.0018710566393502067
3720	257	0.0018638044818333455
23933	255	0.0018493001667996228
11033	251	0.0018202915367321777
7227	249	0.0018057872216984553
3738	247	0.0017912829066647328
971	244	0.001769526434114149
4101	236	0.001711509173979259
8022	224	0.0016244832837769235
10539	224	0.0016244832837769235
10864	216	0.0015664660236420335
19121	214	0.001551961708608311
19895	213	0.0015447095510914496
3625	212	0.0015374573935745884
28629	212	0.0015374573935745884
16350	211	0.0015302052360577272
18644	210	0.001522953078540866
27134	206	0.0014939444484734208
21902	206	0.0014939444484734208
3716	202	0.0014649358184059757
24937	198	0.0014359271883385308
14641	196	0.0014214228733048081
2147	195	0.001414170715787947
14176	192	0.0013924142432373632
14613	187	0.0013561534556530569
10266	186	0.0013489012981361954
16009	185	0.0013416491406193342
6396	184	0.001334396983102473
16449	183	0.0013271448255856117
4800	182	0.0013198926680687505
5594	180	0.0013053883530350279
15016	179	0.0012981361955181666
16035	177	0.0012836318804844442
4451	175	0.0012691275654507215
1253	173	0.001254623250416999
2298	172	0.0012473710929001378
5318	172	0.0012473710929001378
8430	172	0.0012473710929001378
117	167	0.0012111103053158315
2482	167	0.0012111103053158315
7954	166	0.0012038581477989703
15853	166	0.0012038581477989703
3481	165	0.001196605990282109
30408	164	0.0011893538327652476
7086	163	0.0011821016752483864
15121	162	0.0011748495177315251
23644	161	0.001167597360214664
14818	159	0.0011530930451809412
28430	155	0.0011240844151134963
17562	154	0.001116832257596635
1377	152	0.0011023279425629124
6680	151	0.0010950757850460512
13886	149	0.0010805714700123288
12869	147	0.001066067154978606
16921	146	0.0010588149974617449
14277	142	0.0010298063673942997
25800	141	0.0010225542098774385
9824	140	0.0010153020523605773
7401	138	0.0010007977373268548
14776	138	0.0010007977373268548
20987	135	0.000979041264776271
14402	133	0.0009645369497425484
703	133	0.0009645369497425484
19941	132	0.0009572847922256872
29612	130	0.0009427804771919646
7412	130	0.0009427804771919646
8497	129	0.0009355283196751034
26526	129	0.0009355283196751034
953	125	0.0009065196896076582
746	124	0.000899267532090797
2865	122	0.0008847632170570745
281	122	0.0008847632170570745
11067	122	0.0008847632170570745
27650	122	0.0008847632170570745
2402	120	0.0008702589020233519
7424	120	0.0008702589020233519
28142	119	0.0008630067445064907
22893	115	0.0008339981144390457
27158	115	0.0008339981144390457
9837	115	0.0008339981144390457
14632	114	0.0008267459569221843
11397	114	0.0008267459569221843
1872	113	0.0008194937994053231
1156	112	0.0008122416418884618
28830	112	0.0008122416418884618
7617	111	0.0008049894843716005
22333	111	0.0008049894843716005
20571	108	0.0007832330118210168
868	107	0.0007759808543041555
2906	107	0.0007759808543041555
5087	107	0.0007759808543041555
14508	107	0.0007759808543041555
2875	107	0.0007759808543041555
10636	103	0.0007469722242367104
7217	103	0.0007469722242367104
6237	101	0.0007324679092029878
23262	101	0.0007324679092029878
2225	100	0.0007252157516861266
10933	100	0.0007252157516861266
14873	100	0.0007252157516861266
11312	100	0.0007252157516861266
2318	97	0.0007034592791355428
18177	97	0.0007034592791355428
23159	97	0.0007034592791355428
6369	97	0.0007034592791355428
1328	96	0.0006962071216186816
1926	95	0.0006889549641018203
25404	93	0.0006744506490680977
10559	92	0.0006671984915512365
15848	91	0.0006599463340343753
4256	89	0.0006454420190006527
28274	89	0.0006454420190006527
14437	88	0.0006381898614837915
301	87	0.0006309377039669301
24707	86	0.0006236855464500689
17021	85	0.0006164333889332076
8346	85	0.0006164333889332076
18879	84	0.0006091812314163464
15704	84	0.0006091812314163464
777	82	0.0005946769163826238
6861	81	0.0005874247588657626
29996	81	0.0005874247588657626
27318	81	0.0005874247588657626
18245	80	0.0005801726013489013
27883	79	0.00057292044383204
27333	77	0.0005584161287983176
15999	75	0.000543911813764595
9422	75	0.000543911813764595
3767	73	0.0005294074987308724
1565	73	0.0005294074987308724
8557	72	0.0005221553412140112
22386	72	0.0005221553412140112
3528	72	0.0005221553412140112
1582	71	0.0005149031836971499
28942	69	0.0005003988686634274
3869	69	0.0005003988686634274
27770	67	0.00048589455362970486
1846	67	0.00048589455362970486
15749	66	0.0004786423961128436
21942	66	0.0004786423961128436
5554	65	0.0004713902385959823
2118	65	0.0004713902385959823
28448	65	0.0004713902385959823
826	64	0.000464138081079121
3480	63	0.0004568859235622598
12575	62	0.0004496337660453985
2647	62	0.0004496337660453985
24694	61	0.00044238160852853723
12448	61	0.00044238160852853723
14661	61	0.00044238160852853723
30246	61	0.00044238160852853723
216	61	0.00044238160852853723
17994	60	0.00043512945101167595
12901	59	0.0004278772934948147
12156	59	0.0004278772934948147
2010	58	0.00042062513597795344
28612	56	0.0004061208209442309
17443	56	0.0004061208209442309
14228	56	0.0004061208209442309
5888	55	0.00039886866342736966
25968	55	0.00039886866342736966
9689	53	0.0003843643483936471
18711	53	0.0003843643483936471
8790	52	0.00037711219087678587
11271	52	0.00037711219087678587
470	51	0.0003698600333599246
9147	51	0.0003698600333599246
6973	51	0.0003698600333599246
21378	51	0.0003698600333599246
26959	50	0.0003626078758430633
7150	50	0.0003626078758430633
937	49	0.00035535571832620203
23757	49	0.00035535571832620203
17279	49	0.00035535571832620203
3371	49	0.00035535571832620203
7459	49	0.00035535571832620203
1337	48	0.0003481035608093408
25498	48	0.0003481035608093408
22059	48	0.0003481035608093408
22797	48	0.0003481035608093408
12014	48	0.0003481035608093408
21527	47	0.0003408514032924795
5486	47	0.0003408514032924795
12608	47	0.0003408514032924795
8675	46	0.00033359924577561824
3564	46	0.00033359924577561824
27695	46	0.00033359924577561824
10123	46	0.00033359924577561824
1892	45	0.00032634708825875696
12292	45	0.00032634708825875696
2028	45	0.00032634708825875696
28205	45	0.00032634708825875696
7184	45	0.00032634708825875696
2981	45	0.00032634708825875696
15627	45	0.00032634708825875696
8842	44	0.00031909493074189574
27197	44	0.00031909493074189574
12803	44	0.00031909493074189574
14699	44	0.00031909493074189574
1929	44	0.00031909493074189574
1104	44	0.00031909493074189574
4904	43	0.00031184277322503446
25254	43	0.00031184277322503446
876	43	0.00031184277322503446
4108	43	0.00031184277322503446
18283	43	0.00031184277322503446
5354	42	0.0003045906157081732
20384	41	0.0002973384581913119
5760	41	0.0002973384581913119
15605	41	0.0002973384581913119
22623	41	0.0002973384581913119
7180	40	0.00029008630067445067
19991	39	0.0002828341431575894
7389	39	0.0002828341431575894
7468	39	0.0002828341431575894
2672	39	0.0002828341431575894
9657	38	0.0002755819856407281
993	38	0.0002755819856407281
4956	37	0.00026832982812386683
20906	37	0.00026832982812386683
6730	37	0.00026832982812386683
19042	37	0.00026832982812386683
25581	37	0.00026832982812386683
13333	36	0.0002610776706070056
7439	36	0.0002610776706070056
2542	35	0.0002538255130901443
3942	35	0.0002538255130901443
11941	35	0.0002538255130901443
2557	35	0.0002538255130901443
26816	34	0.00024657335557328304
8820	34	0.00024657335557328304
7326	34	0.00024657335557328304
7856	34	0.00024657335557328304
26306	33	0.0002393211980564218
9771	33	0.0002393211980564218
6110	33	0.0002393211980564218
3975	33	0.0002393211980564218
7241	33	0.0002393211980564218
14115	33	0.0002393211980564218
16922	33	0.0002393211980564218
14122	32	0.0002320690405395605
2491	32	0.0002320690405395605
20003	31	0.00022481688302269926
7346	31	0.00022481688302269926
3870	31	0.00022481688302269926
16125	31	0.00022481688302269926
4434	31	0.00022481688302269926
1655	30	0.00021756472550583798
17051	30	0.00021756472550583798
28441	30	0.00021756472550583798
27299	29	0.00021031256798897672
3019	29	0.00021031256798897672
3457	29	0.00021031256798897672
11473	29	0.00021031256798897672
6679	29	0.00021031256798897672
17613	29	0.00021031256798897672
8020	28	0.00020306041047211544
12892	28	0.00020306041047211544
3242	28	0.00020306041047211544
26468	28	0.00020306041047211544
25502	27	0.0001958082529552542
26187	27	0.0001958082529552542
9101	27	0.0001958082529552542
19824	27	0.0001958082529552542
2951	27	0.0001958082529552542
2633	27	0.0001958082529552542
495	27	0.0001958082529552542
17672	27	0.0001958082529552542
18888	27	0.0001958082529552542
13988	26	0.00018855609543839294
3973	26	0.00018855609543839294
5023	26	0.00018855609543839294
21193	26	0.00018855609543839294
11611	26	0.00018855609543839294
11449	26	0.00018855609543839294
4489	26	0.00018855609543839294
21325	26	0.00018855609543839294
15330	26	0.00018855609543839294
7919	26	0.00018855609543839294
2218	26	0.00018855609543839294
3769	25	0.00018130393792153166
3560	25	0.00018130393792153166
989	25	0.00018130393792153166
26183	25	0.00018130393792153166
11260	25	0.00018130393792153166
1413	25	0.00018130393792153166
900	25	0.00018130393792153166
7131	25	0.00018130393792153166
25729	25	0.00018130393792153166
30328	25	0.00018130393792153166
19138	25	0.00018130393792153166
9529	24	0.0001740517804046704
27785	24	0.0001740517804046704
13627	24	0.0001740517804046704
22548	24	0.0001740517804046704
21888	24	0.0001740517804046704
4553	24	0.0001740517804046704
19272	24	0.0001740517804046704
23085	24	0.0001740517804046704
28143	24	0.0001740517804046704
601	24	0.0001740517804046704
16083	23	0.00016679962288780912
2932	23	0.00016679962288780912
7645	23	0.00016679962288780912
9175	23	0.00016679962288780912
22362	23	0.00016679962288780912
19812	23	0.00016679962288780912
29365	23	0.00016679962288780912
6969	22	0.00015954746537094787
10454	22	0.00015954746537094787
27937	22	0.00015954746537094787
3030	22	0.00015954746537094787
16784	22	0.00015954746537094787
4352	22	0.00015954746537094787
7301	22	0.00015954746537094787
26621	22	0.00015954746537094787
8049	22	0.00015954746537094787
15760	22	0.00015954746537094787
7767	21	0.0001522953078540866
29113	21	0.0001522953078540866
15516	21	0.0001522953078540866
5555	21	0.0001522953078540866
16112	21	0.0001522953078540866
20129	21	0.0001522953078540866
2643	21	0.0001522953078540866
303	21	0.0001522953078540866
19358	21	0.0001522953078540866
1001	20	0.00014504315033722533
3580	20	0.00014504315033722533
9150	20	0.00014504315033722533
13950	20	0.00014504315033722533
20731	20	0.00014504315033722533
14381	20	0.00014504315033722533
14264	20	0.00014504315033722533
8926	20	0.00014504315033722533
15489	20	0.00014504315033722533
6360	19	0.00013779099282036405
7200	19	0.00013779099282036405
23189	19	0.00013779099282036405
3802	19	0.00013779099282036405
9263	19	0.00013779099282036405
10341	19	0.00013779099282036405
4767	19	0.00013779099282036405
1518	19	0.00013779099282036405
26730	18	0.0001305388353035028
14973	18	0.0001305388353035028
218	18	0.0001305388353035028
9685	18	0.0001305388353035028
5110	18	0.0001305388353035028
8471	18	0.0001305388353035028
11211	18	0.0001305388353035028
5355	18	0.0001305388353035028
5916	18	0.0001305388353035028
20764	18	0.0001305388353035028
6792	18	0.0001305388353035028
2452	18	0.0001305388353035028
13994	18	0.0001305388353035028
17222	17	0.00012328667778664152
7807	17	0.00012328667778664152
10779	17	0.00012328667778664152
687	17	0.00012328667778664152
9088	17	0.00012328667778664152
3962	17	0.00012328667778664152
92	17	0.00012328667778664152
4877	17	0.00012328667778664152
30255	17	0.00012328667778664152
9550	17	0.00012328667778664152
6241	17	0.00012328667778664152
9734	17	0.00012328667778664152
3158	17	0.00012328667778664152
22754	17	0.00012328667778664152
8811	17	0.00012328667778664152
3917	17	0.00012328667778664152
27399	16	0.00011603452026978025
11893	16	0.00011603452026978025
5399	16	0.00011603452026978025
9321	16	0.00011603452026978025
766	16	0.00011603452026978025
18908	16	0.00011603452026978025
13170	16	0.00011603452026978025
22851	16	0.00011603452026978025
1166	16	0.00011603452026978025
8655	16	0.00011603452026978025
927	15	0.00010878236275291899
17133	15	0.00010878236275291899
19663	15	0.00010878236275291899
6174	15	0.00010878236275291899
20313	15	0.00010878236275291899
19509	15	0.00010878236275291899
22735	15	0.00010878236275291899
21048	15	0.00010878236275291899
2365	15	0.00010878236275291899
22277	15	0.00010878236275291899
1355	15	0.00010878236275291899
7682	15	0.00010878236275291899
7249	15	0.00010878236275291899
11246	15	0.00010878236275291899
1708	15	0.00010878236275291899
7978	15	0.00010878236275291899
5257	15	0.00010878236275291899
13217	15	0.00010878236275291899
1426	15	0.00010878236275291899
7878	15	0.00010878236275291899
23092	15	0.00010878236275291899
7329	14	0.00010153020523605772
1476	14	0.00010153020523605772
25010	14	0.00010153020523605772
12455	14	0.00010153020523605772
9412	14	0.00010153020523605772
18699	14	0.00010153020523605772
25100	14	0.00010153020523605772
25234	14	0.00010153020523605772
24079	14	0.00010153020523605772
4994	14	0.00010153020523605772
18363	14	0.00010153020523605772
17250	14	0.00010153020523605772
1560	14	0.00010153020523605772
973	14	0.00010153020523605772
25568	14	0.00010153020523605772
2465	14	0.00010153020523605772
11129	13	9.427804771919647e-05
27636	13	9.427804771919647e-05
27743	13	9.427804771919647e-05
9641	13	9.427804771919647e-05
20981	13	9.427804771919647e-05
3960	13	9.427804771919647e-05
2272	13	9.427804771919647e-05
11892	13	9.427804771919647e-05
4552	13	9.427804771919647e-05
18055	13	9.427804771919647e-05
22489	13	9.427804771919647e-05
233	13	9.427804771919647e-05
4304	13	9.427804771919647e-05
20457	13	9.427804771919647e-05
27189	13	9.427804771919647e-05
6231	13	9.427804771919647e-05
4690	13	9.427804771919647e-05
7284	13	9.427804771919647e-05
14983	13	9.427804771919647e-05
8061	13	9.427804771919647e-05
28949	12	8.70258902023352e-05
9213	12	8.70258902023352e-05
9451	12	8.70258902023352e-05
21499	12	8.70258902023352e-05
11665	12	8.70258902023352e-05
24809	12	8.70258902023352e-05
20059	12	8.70258902023352e-05
6277	12	8.70258902023352e-05
4442	12	8.70258902023352e-05
19009	12	8.70258902023352e-05
26384	12	8.70258902023352e-05
7199	12	8.70258902023352e-05
21824	12	8.70258902023352e-05
12675	12	8.70258902023352e-05
15550	12	8.70258902023352e-05
12198	12	8.70258902023352e-05
14979	12	8.70258902023352e-05
10371	12	8.70258902023352e-05
19878	12	8.70258902023352e-05
7723	12	8.70258902023352e-05
29897	12	8.70258902023352e-05
5010	11	7.977373268547393e-05
1442	11	7.977373268547393e-05
4133	11	7.977373268547393e-05
26119	11	7.977373268547393e-05
20143	11	7.977373268547393e-05
26891	11	7.977373268547393e-05
1441	11	7.977373268547393e-05
8563	11	7.977373268547393e-05
3504	11	7.977373268547393e-05
5666	11	7.977373268547393e-05
7949	11	7.977373268547393e-05
9066	11	7.977373268547393e-05
29577	11	7.977373268547393e-05
11104	11	7.977373268547393e-05
24287	11	7.977373268547393e-05
14649	11	7.977373268547393e-05
5173	11	7.977373268547393e-05
3438	11	7.977373268547393e-05
11258	11	7.977373268547393e-05
6088	10	7.252157516861267e-05
4888	10	7.252157516861267e-05
12447	10	7.252157516861267e-05
23038	10	7.252157516861267e-05
13166	10	7.252157516861267e-05
14982	10	7.252157516861267e-05
4514	10	7.252157516861267e-05
1986	10	7.252157516861267e-05
447	10	7.252157516861267e-05
15074	10	7.252157516861267e-05
20664	10	7.252157516861267e-05
12123	10	7.252157516861267e-05
22890	10	7.252157516861267e-05
5381	10	7.252157516861267e-05
21791	10	7.252157516861267e-05
4996	10	7.252157516861267e-05
23176	10	7.252157516861267e-05
18522	10	7.252157516861267e-05
7061	10	7.252157516861267e-05
23676	10	7.252157516861267e-05
14270	10	7.252157516861267e-05
593	10	7.252157516861267e-05
6477	10	7.252157516861267e-05
4013	10	7.252157516861267e-05
22981	10	7.252157516861267e-05
392	10	7.252157516861267e-05
24040	10	7.252157516861267e-05
21975	10	7.252157516861267e-05
12062	10	7.252157516861267e-05
25833	9	6.52694176517514e-05
24124	9	6.52694176517514e-05
1873	9	6.52694176517514e-05
21788	9	6.52694176517514e-05
7875	9	6.52694176517514e-05
4449	9	6.52694176517514e-05
21588	9	6.52694176517514e-05
22177	9	6.52694176517514e-05
2652	9	6.52694176517514e-05
22695	9	6.52694176517514e-05
14877	9	6.52694176517514e-05
11745	9	6.52694176517514e-05
589	9	6.52694176517514e-05
24025	9	6.52694176517514e-05
7272	9	6.52694176517514e-05
31	9	6.52694176517514e-05
3448	9	6.52694176517514e-05
14418	9	6.52694176517514e-05
26192	9	6.52694176517514e-05
3830	9	6.52694176517514e-05
29163	9	6.52694176517514e-05
5834	9	6.52694176517514e-05
19212	9	6.52694176517514e-05
8979	9	6.52694176517514e-05
191	9	6.52694176517514e-05
3575	9	6.52694176517514e-05
20141	9	6.52694176517514e-05
17895	9	6.52694176517514e-05
8074	9	6.52694176517514e-05
29229	9	6.52694176517514e-05
9855	9	6.52694176517514e-05
4130	9	6.52694176517514e-05
7897	9	6.52694176517514e-05
7790	9	6.52694176517514e-05
18249	9	6.52694176517514e-05
290	9	6.52694176517514e-05
18499	9	6.52694176517514e-05
25747	8	5.801726013489013e-05
1512	8	5.801726013489013e-05
16833	8	5.801726013489013e-05
4576	8	5.801726013489013e-05
12723	8	5.801726013489013e-05
1645	8	5.801726013489013e-05
5459	8	5.801726013489013e-05
30032	8	5.801726013489013e-05
11079	8	5.801726013489013e-05
25815	8	5.801726013489013e-05
13106	8	5.801726013489013e-05
13327	8	5.801726013489013e-05
8072	8	5.801726013489013e-05
3559	8	5.801726013489013e-05
5289	8	5.801726013489013e-05
21322	8	5.801726013489013e-05
25701	8	5.801726013489013e-05
4573	8	5.801726013489013e-05
15167	8	5.801726013489013e-05
21232	8	5.801726013489013e-05
28289	8	5.801726013489013e-05
2821	8	5.801726013489013e-05
3396	8	5.801726013489013e-05
16962	8	5.801726013489013e-05
3948	8	5.801726013489013e-05
4052	8	5.801726013489013e-05
22704	8	5.801726013489013e-05
1284	8	5.801726013489013e-05
13348	8	5.801726013489013e-05
23413	8	5.801726013489013e-05
15221	8	5.801726013489013e-05
8561	8	5.801726013489013e-05
11869	8	5.801726013489013e-05
24094	8	5.801726013489013e-05
560	8	5.801726013489013e-05
27478	8	5.801726013489013e-05
24763	8	5.801726013489013e-05
3739	8	5.801726013489013e-05
3289	8	5.801726013489013e-05
17727	8	5.801726013489013e-05
15735	8	5.801726013489013e-05
27146	8	5.801726013489013e-05
2868	8	5.801726013489013e-05
16612	8	5.801726013489013e-05
4903	7	5.076510261802886e-05
10046	7	5.076510261802886e-05
23254	7	5.076510261802886e-05
19118	7	5.076510261802886e-05
811	7	5.076510261802886e-05
8021	7	5.076510261802886e-05
660	7	5.076510261802886e-05
18894	7	5.076510261802886e-05
30091	7	5.076510261802886e-05
5878	7	5.076510261802886e-05
3631	7	5.076510261802886e-05
5458	7	5.076510261802886e-05
10798	7	5.076510261802886e-05
23893	7	5.076510261802886e-05
2259	7	5.076510261802886e-05
1508	7	5.076510261802886e-05
2440	7	5.076510261802886e-05
12576	7	5.076510261802886e-05
5926	7	5.076510261802886e-05
1047	7	5.076510261802886e-05
22349	7	5.076510261802886e-05
3494	7	5.076510261802886e-05
13446	7	5.076510261802886e-05
22938	7	5.076510261802886e-05
6499	7	5.076510261802886e-05
5457	7	5.076510261802886e-05
6128	7	5.076510261802886e-05
14981	7	5.076510261802886e-05
22381	7	5.076510261802886e-05
13525	7	5.076510261802886e-05
1144	7	5.076510261802886e-05
120	7	5.076510261802886e-05
23156	7	5.076510261802886e-05
12098	7	5.076510261802886e-05
26394	7	5.076510261802886e-05
21656	7	5.076510261802886e-05
13404	7	5.076510261802886e-05
3529	7	5.076510261802886e-05
2948	7	5.076510261802886e-05
5753	7	5.076510261802886e-05
3886	7	5.076510261802886e-05
24131	7	5.076510261802886e-05
13730	7	5.076510261802886e-05
16993	7	5.076510261802886e-05
10629	7	5.076510261802886e-05
20929	7	5.076510261802886e-05
5641	7	5.076510261802886e-05
16751	6	4.35129451011676e-05
11973	6	4.35129451011676e-05
3581	6	4.35129451011676e-05
10345	6	4.35129451011676e-05
3142	6	4.35129451011676e-05
321	6	4.35129451011676e-05
16661	6	4.35129451011676e-05
15028	6	4.35129451011676e-05
13521	6	4.35129451011676e-05
30684	6	4.35129451011676e-05
5358	6	4.35129451011676e-05
10180	6	4.35129451011676e-05
17415	6	4.35129451011676e-05
6311	6	4.35129451011676e-05
30378	6	4.35129451011676e-05
12652	6	4.35129451011676e-05
8493	6	4.35129451011676e-05
23504	6	4.35129451011676e-05
10544	6	4.35129451011676e-05
10423	6	4.35129451011676e-05
27431	6	4.35129451011676e-05
1592	6	4.35129451011676e-05
3965	6	4.35129451011676e-05
1920	6	4.35129451011676e-05
10100	6	4.35129451011676e-05
240	6	4.35129451011676e-05
5815	6	4.35129451011676e-05
3647	6	4.35129451011676e-05
11097	6	4.35129451011676e-05
13473	6	4.35129451011676e-05
28479	6	4.35129451011676e-05
30438	6	4.35129451011676e-05
5028	6	4.35129451011676e-05
9023	6	4.35129451011676e-05
29528	6	4.35129451011676e-05
6394	6	4.35129451011676e-05
3098	6	4.35129451011676e-05
17119	6	4.35129451011676e-05
18137	6	4.35129451011676e-05
16398	6	4.35129451011676e-05
5438	6	4.35129451011676e-05
15682	6	4.35129451011676e-05
19439	6	4.35129451011676e-05
17233	6	4.35129451011676e-05
24075	6	4.35129451011676e-05
29059	6	4.35129451011676e-05
10017	6	4.35129451011676e-05
4612	6	4.35129451011676e-05
3670	6	4.35129451011676e-05
13109	6	4.35129451011676e-05
6501	6	4.35129451011676e-05
12066	6	4.35129451011676e-05
10896	6	4.35129451011676e-05
21528	6	4.35129451011676e-05
3474	6	4.35129451011676e-05
2114	6	4.35129451011676e-05
5530	6	4.35129451011676e-05
209	6	4.35129451011676e-05
13077	6	4.35129451011676e-05
19832	6	4.35129451011676e-05
13489	6	4.35129451011676e-05
1385	6	4.35129451011676e-05
1437	6	4.35129451011676e-05
23781	6	4.35129451011676e-05
5521	6	4.35129451011676e-05
11220	6	4.35129451011676e-05
1022	6	4.35129451011676e-05
6126	6	4.35129451011676e-05
29905	5	3.6260787584306334e-05
2670	5	3.6260787584306334e-05
4128	5	3.6260787584306334e-05
6562	5	3.6260787584306334e-05
24315	5	3.6260787584306334e-05
2705	5	3.6260787584306334e-05
24667	5	3.6260787584306334e-05
12554	5	3.6260787584306334e-05
4338	5	3.6260787584306334e-05
1935	5	3.6260787584306334e-05
24190	5	3.6260787584306334e-05
2791	5	3.6260787584306334e-05
20686	5	3.6260787584306334e-05
5153	5	3.6260787584306334e-05
7911	5	3.6260787584306334e-05
3008	5	3.6260787584306334e-05
6891	5	3.6260787584306334e-05
15227	5	3.6260787584306334e-05
9540	5	3.6260787584306334e-05
8923	5	3.6260787584306334e-05
24012	5	3.6260787584306334e-05
3819	5	3.6260787584306334e-05
21063	5	3.6260787584306334e-05
7281	5	3.6260787584306334e-05
25926	5	3.6260787584306334e-05
95	5	3.6260787584306334e-05
18989	5	3.6260787584306334e-05
14775	5	3.6260787584306334e-05
5366	5	3.6260787584306334e-05
24548	5	3.6260787584306334e-05
18093	5	3.6260787584306334e-05
3990	5	3.6260787584306334e-05
23057	5	3.6260787584306334e-05
29414	5	3.6260787584306334e-05
2397	5	3.6260787584306334e-05
4479	5	3.6260787584306334e-05
22744	5	3.6260787584306334e-05
23924	5	3.6260787584306334e-05
20796	5	3.6260787584306334e-05
12300	5	3.6260787584306334e-05
6611	5	3.6260787584306334e-05
14299	5	3.6260787584306334e-05
16209	5	3.6260787584306334e-05
10840	5	3.6260787584306334e-05
15421	5	3.6260787584306334e-05
21568	5	3.6260787584306334e-05
11979	5	3.6260787584306334e-05
3684	5	3.6260787584306334e-05
4911	5	3.6260787584306334e-05
28540	5	3.6260787584306334e-05
2176	5	3.6260787584306334e-05
19044	5	3.6260787584306334e-05
10961	5	3.6260787584306334e-05
9403	5	3.6260787584306334e-05
20809	5	3.6260787584306334e-05
1822	5	3.6260787584306334e-05
28596	5	3.6260787584306334e-05
13941	5	3.6260787584306334e-05
2151	5	3.6260787584306334e-05
8659	5	3.6260787584306334e-05
6098	5	3.6260787584306334e-05
6932	5	3.6260787584306334e-05
3318	5	3.6260787584306334e-05
20485	5	3.6260787584306334e-05
2473	5	3.6260787584306334e-05
3259	5	3.6260787584306334e-05
2471	5	3.6260787584306334e-05
2650	5	3.6260787584306334e-05
6598	5	3.6260787584306334e-05
14637	5	3.6260787584306334e-05
15744	5	3.6260787584306334e-05
21396	5	3.6260787584306334e-05
2968	5	3.6260787584306334e-05
29530	5	3.6260787584306334e-05
16148	5	3.6260787584306334e-05
14996	5	3.6260787584306334e-05
22364	5	3.6260787584306334e-05
875	5	3.6260787584306334e-05
10712	5	3.6260787584306334e-05
26979	5	3.6260787584306334e-05
582	5	3.6260787584306334e-05
21480	4	2.9008630067445064e-05
12384	4	2.9008630067445064e-05
22515	4	2.9008630067445064e-05
456	4	2.9008630067445064e-05
17325	4	2.9008630067445064e-05
969	4	2.9008630067445064e-05
22473	4	2.9008630067445064e-05
20605	4	2.9008630067445064e-05
10547	4	2.9008630067445064e-05
15548	4	2.9008630067445064e-05
25762	4	2.9008630067445064e-05
2122	4	2.9008630067445064e-05
4648	4	2.9008630067445064e-05
1130	4	2.9008630067445064e-05
21707	4	2.9008630067445064e-05
14694	4	2.9008630067445064e-05
8908	4	2.9008630067445064e-05
27540	4	2.9008630067445064e-05
5506	4	2.9008630067445064e-05
5498	4	2.9008630067445064e-05
24782	4	2.9008630067445064e-05
2348	4	2.9008630067445064e-05
13115	4	2.9008630067445064e-05
13930	4	2.9008630067445064e-05
221	4	2.9008630067445064e-05
24203	4	2.9008630067445064e-05
5140	4	2.9008630067445064e-05
4282	4	2.9008630067445064e-05
24381	4	2.9008630067445064e-05
2178	4	2.9008630067445064e-05
24944	4	2.9008630067445064e-05
5298	4	2.9008630067445064e-05
21591	4	2.9008630067445064e-05
3573	4	2.9008630067445064e-05
2726	4	2.9008630067445064e-05
7908	4	2.9008630067445064e-05
27041	4	2.9008630067445064e-05
29741	4	2.9008630067445064e-05
4474	4	2.9008630067445064e-05
6757	4	2.9008630067445064e-05
29464	4	2.9008630067445064e-05
26570	4	2.9008630067445064e-05
16250	4	2.9008630067445064e-05
24038	4	2.9008630067445064e-05
10821	4	2.9008630067445064e-05
19238	4	2.9008630067445064e-05
9525	4	2.9008630067445064e-05
8180	4	2.9008630067445064e-05
10242	4	2.9008630067445064e-05
518	4	2.9008630067445064e-05
17969	4	2.9008630067445064e-05
1360	4	2.9008630067445064e-05
10362	4	2.9008630067445064e-05
715	4	2.9008630067445064e-05
11536	4	2.9008630067445064e-05
29611	4	2.9008630067445064e-05
4981	4	2.9008630067445064e-05
4593	4	2.9008630067445064e-05
1764	4	2.9008630067445064e-05
28618	4	2.9008630067445064e-05
6342	4	2.9008630067445064e-05
29708	4	2.9008630067445064e-05
5562	4	2.9008630067445064e-05
30325	4	2.9008630067445064e-05
23247	4	2.9008630067445064e-05
7466	4	2.9008630067445064e-05
13208	4	2.9008630067445064e-05
10208	4	2.9008630067445064e-05
13564	4	2.9008630067445064e-05
9309	4	2.9008630067445064e-05
24053	4	2.9008630067445064e-05
14179	4	2.9008630067445064e-05
1818	4	2.9008630067445064e-05
6866	4	2.9008630067445064e-05
5309	4	2.9008630067445064e-05
1829	4	2.9008630067445064e-05
13224	4	2.9008630067445064e-05
18647	4	2.9008630067445064e-05
8526	4	2.9008630067445064e-05
24423	4	2.9008630067445064e-05
20827	4	2.9008630067445064e-05
26793	4	2.9008630067445064e-05
6044	4	2.9008630067445064e-05
1205	4	2.9008630067445064e-05
4045	4	2.9008630067445064e-05
25558	4	2.9008630067445064e-05
21689	4	2.9008630067445064e-05
24813	4	2.9008630067445064e-05
20720	4	2.9008630067445064e-05
6592	4	2.9008630067445064e-05
1386	4	2.9008630067445064e-05
13640	4	2.9008630067445064e-05
27894	4	2.9008630067445064e-05
12234	4	2.9008630067445064e-05
3916	4	2.9008630067445064e-05
6897	4	2.9008630067445064e-05
11110	4	2.9008630067445064e-05
15290	4	2.9008630067445064e-05
11557	4	2.9008630067445064e-05
4738	4	2.9008630067445064e-05
24258	4	2.9008630067445064e-05
12802	4	2.9008630067445064e-05
27445	4	2.9008630067445064e-05
10049	4	2.9008630067445064e-05
17333	3	2.17564725505838e-05
5702	3	2.17564725505838e-05
4329	3	2.17564725505838e-05
14375	3	2.17564725505838e-05
16400	3	2.17564725505838e-05
7445	3	2.17564725505838e-05
18979	3	2.17564725505838e-05
1351	3	2.17564725505838e-05
26205	3	2.17564725505838e-05
5276	3	2.17564725505838e-05
27655	3	2.17564725505838e-05
18031	3	2.17564725505838e-05
9275	3	2.17564725505838e-05
20390	3	2.17564725505838e-05
29064	3	2.17564725505838e-05
11217	3	2.17564725505838e-05
8351	3	2.17564725505838e-05
24656	3	2.17564725505838e-05
6800	3	2.17564725505838e-05
24747	3	2.17564725505838e-05
19477	3	2.17564725505838e-05
18827	3	2.17564725505838e-05
641	3	2.17564725505838e-05
8950	3	2.17564725505838e-05
7618	3	2.17564725505838e-05
29648	3	2.17564725505838e-05
26232	3	2.17564725505838e-05
11712	3	2.17564725505838e-05
9307	3	2.17564725505838e-05
3159	3	2.17564725505838e-05
26953	3	2.17564725505838e-05
1523	3	2.17564725505838e-05
3173	3	2.17564725505838e-05
53	3	2.17564725505838e-05
18510	3	2.17564725505838e-05
27697	3	2.17564725505838e-05
13783	3	2.17564725505838e-05
2316	3	2.17564725505838e-05
6787	3	2.17564725505838e-05
14082	3	2.17564725505838e-05
6029	3	2.17564725505838e-05
11323	3	2.17564725505838e-05
10268	3	2.17564725505838e-05
4700	3	2.17564725505838e-05
12529	3	2.17564725505838e-05
3001	3	2.17564725505838e-05
27108	3	2.17564725505838e-05
7654	3	2.17564725505838e-05
5456	3	2.17564725505838e-05
3195	3	2.17564725505838e-05
4510	3	2.17564725505838e-05
44	3	2.17564725505838e-05
12094	3	2.17564725505838e-05
803	3	2.17564725505838e-05
26476	3	2.17564725505838e-05
3176	3	2.17564725505838e-05
4212	3	2.17564725505838e-05
4084	3	2.17564725505838e-05
8910	3	2.17564725505838e-05
12303	3	2.17564725505838e-05
18060	3	2.17564725505838e-05
26418	3	2.17564725505838e-05
19410	3	2.17564725505838e-05
10379	3	2.17564725505838e-05
18829	3	2.17564725505838e-05
7571	3	2.17564725505838e-05
2213	3	2.17564725505838e-05
18017	3	2.17564725505838e-05
16007	3	2.17564725505838e-05
3462	3	2.17564725505838e-05
8853	3	2.17564725505838e-05
6154	3	2.17564725505838e-05
7968	3	2.17564725505838e-05
6796	3	2.17564725505838e-05
10203	3	2.17564725505838e-05
23449	3	2.17564725505838e-05
21452	3	2.17564725505838e-05
1164	3	2.17564725505838e-05
1599	3	2.17564725505838e-05
14713	3	2.17564725505838e-05
11915	3	2.17564725505838e-05
11620	3	2.17564725505838e-05
611	3	2.17564725505838e-05
27086	3	2.17564725505838e-05
5842	3	2.17564725505838e-05
7694	3	2.17564725505838e-05
4027	3	2.17564725505838e-05
1849	3	2.17564725505838e-05
2505	3	2.17564725505838e-05
20135	3	2.17564725505838e-05
22269	3	2.17564725505838e-05
21102	3	2.17564725505838e-05
18492	3	2.17564725505838e-05
22920	3	2.17564725505838e-05
28880	3	2.17564725505838e-05
20739	3	2.17564725505838e-05
4290	3	2.17564725505838e-05
1369	3	2.17564725505838e-05
3251	3	2.17564725505838e-05
7186	3	2.17564725505838e-05
18698	3	2.17564725505838e-05
3202	3	2.17564725505838e-05
4845	3	2.17564725505838e-05
9782	3	2.17564725505838e-05
14684	3	2.17564725505838e-05
17634	3	2.17564725505838e-05
12042	3	2.17564725505838e-05
14640	3	2.17564725505838e-05
12354	3	2.17564725505838e-05
30279	3	2.17564725505838e-05
26774	3	2.17564725505838e-05
5663	3	2.17564725505838e-05
13775	3	2.17564725505838e-05
2166	3	2.17564725505838e-05
8019	3	2.17564725505838e-05
28068	3	2.17564725505838e-05
4075	3	2.17564725505838e-05
11274	3	2.17564725505838e-05
5154	3	2.17564725505838e-05
11454	3	2.17564725505838e-05
3307	3	2.17564725505838e-05
10329	3	2.17564725505838e-05
9796	3	2.17564725505838e-05
21161	3	2.17564725505838e-05
17684	3	2.17564725505838e-05
17144	3	2.17564725505838e-05
3867	3	2.17564725505838e-05
7114	3	2.17564725505838e-05
11450	3	2.17564725505838e-05
11471	3	2.17564725505838e-05
6407	3	2.17564725505838e-05
16084	3	2.17564725505838e-05
12203	3	2.17564725505838e-05
23701	3	2.17564725505838e-05
18792	3	2.17564725505838e-05
309	3	2.17564725505838e-05
16754	3	2.17564725505838e-05
19787	3	2.17564725505838e-05
654	3	2.17564725505838e-05
4190	3	2.17564725505838e-05
77	3	2.17564725505838e-05
3228	3	2.17564725505838e-05
19955	3	2.17564725505838e-05
9152	3	2.17564725505838e-05
618	3	2.17564725505838e-05
23393	3	2.17564725505838e-05
3714	3	2.17564725505838e-05
23291	3	2.17564725505838e-05
18289	3	2.17564725505838e-05
30047	3	2.17564725505838e-05
12927	3	2.17564725505838e-05
3707	3	2.17564725505838e-05
617	3	2.17564725505838e-05
2734	3	2.17564725505838e-05
26302	3	2.17564725505838e-05
1573	3	2.17564725505838e-05
14512	3	2.17564725505838e-05
9527	2	1.4504315033722532e-05
13648	2	1.4504315033722532e-05
525	2	1.4504315033722532e-05
17411	2	1.4504315033722532e-05
1131	2	1.4504315033722532e-05
8163	2	1.4504315033722532e-05
285	2	1.4504315033722532e-05
18820	2	1.4504315033722532e-05
8104	2	1.4504315033722532e-05
21435	2	1.4504315033722532e-05
4288	2	1.4504315033722532e-05
9503	2	1.4504315033722532e-05
1396	2	1.4504315033722532e-05
29758	2	1.4504315033722532e-05
29488	2	1.4504315033722532e-05
20813	2	1.4504315033722532e-05
18498	2	1.4504315033722532e-05
7837	2	1.4504315033722532e-05
20793	2	1.4504315033722532e-05
13931	2	1.4504315033722532e-05
7975	2	1.4504315033722532e-05
9120	2	1.4504315033722532e-05
10908	2	1.4504315033722532e-05
7417	2	1.4504315033722532e-05
25495	2	1.4504315033722532e-05
28381	2	1.4504315033722532e-05
4134	2	1.4504315033722532e-05
9816	2	1.4504315033722532e-05
26191	2	1.4504315033722532e-05
405	2	1.4504315033722532e-05
8906	2	1.4504315033722532e-05
29551	2	1.4504315033722532e-05
30342	2	1.4504315033722532e-05
9361	2	1.4504315033722532e-05
5881	2	1.4504315033722532e-05
7605	2	1.4504315033722532e-05
16415	2	1.4504315033722532e-05
7080	2	1.4504315033722532e-05
1450	2	1.4504315033722532e-05
27488	2	1.4504315033722532e-05
21728	2	1.4504315033722532e-05
9161	2	1.4504315033722532e-05
714	2	1.4504315033722532e-05
71	2	1.4504315033722532e-05
30184	2	1.4504315033722532e-05
177	2	1.4504315033722532e-05
15824	2	1.4504315033722532e-05
23236	2	1.4504315033722532e-05
22380	2	1.4504315033722532e-05
12620	2	1.4504315033722532e-05
21814	2	1.4504315033722532e-05
3153	2	1.4504315033722532e-05
25364	2	1.4504315033722532e-05
29442	2	1.4504315033722532e-05
14557	2	1.4504315033722532e-05
453	2	1.4504315033722532e-05
6411	2	1.4504315033722532e-05
16279	2	1.4504315033722532e-05
5165	2	1.4504315033722532e-05
23320	2	1.4504315033722532e-05
22762	2	1.4504315033722532e-05
20972	2	1.4504315033722532e-05
21367	2	1.4504315033722532e-05
2182	2	1.4504315033722532e-05
19644	2	1.4504315033722532e-05
2338	2	1.4504315033722532e-05
322	2	1.4504315033722532e-05
20322	2	1.4504315033722532e-05
11643	2	1.4504315033722532e-05
15631	2	1.4504315033722532e-05
24527	2	1.4504315033722532e-05
20101	2	1.4504315033722532e-05
295	2	1.4504315033722532e-05
2084	2	1.4504315033722532e-05
30331	2	1.4504315033722532e-05
13255	2	1.4504315033722532e-05
11140	2	1.4504315033722532e-05
9409	2	1.4504315033722532e-05
12443	2	1.4504315033722532e-05
9900	2	1.4504315033722532e-05
3450	2	1.4504315033722532e-05
9037	2	1.4504315033722532e-05
24660	2	1.4504315033722532e-05
4862	2	1.4504315033722532e-05
6964	2	1.4504315033722532e-05
1361	2	1.4504315033722532e-05
16822	2	1.4504315033722532e-05
16624	2	1.4504315033722532e-05
3063	2	1.4504315033722532e-05
8728	2	1.4504315033722532e-05
420	2	1.4504315033722532e-05
20923	2	1.4504315033722532e-05
22526	2	1.4504315033722532e-05
7921	2	1.4504315033722532e-05
16302	2	1.4504315033722532e-05
1591	2	1.4504315033722532e-05
3567	2	1.4504315033722532e-05
23106	2	1.4504315033722532e-05
4400	2	1.4504315033722532e-05
6306	2	1.4504315033722532e-05
14975	2	1.4504315033722532e-05
4465	2	1.4504315033722532e-05
30689	2	1.4504315033722532e-05
1906	2	1.4504315033722532e-05
7009	2	1.4504315033722532e-05
9052	2	1.4504315033722532e-05
795	2	1.4504315033722532e-05
15450	2	1.4504315033722532e-05
162	2	1.4504315033722532e-05
6461	2	1.4504315033722532e-05
2079	2	1.4504315033722532e-05
14028	2	1.4504315033722532e-05
6133	2	1.4504315033722532e-05
19436	2	1.4504315033722532e-05
17010	2	1.4504315033722532e-05
27088	2	1.4504315033722532e-05
4172	2	1.4504315033722532e-05
8715	2	1.4504315033722532e-05
2522	2	1.4504315033722532e-05
12209	2	1.4504315033722532e-05
14389	2	1.4504315033722532e-05
29810	2	1.4504315033722532e-05
599	2	1.4504315033722532e-05
14830	2	1.4504315033722532e-05
15619	2	1.4504315033722532e-05
20413	2	1.4504315033722532e-05
2381	2	1.4504315033722532e-05
3833	2	1.4504315033722532e-05
14914	2	1.4504315033722532e-05
10012	2	1.4504315033722532e-05
26060	2	1.4504315033722532e-05
9044	2	1.4504315033722532e-05
17458	2	1.4504315033722532e-05
1961	2	1.4504315033722532e-05
11764	2	1.4504315033722532e-05
8548	2	1.4504315033722532e-05
25662	2	1.4504315033722532e-05
5370	2	1.4504315033722532e-05
2967	2	1.4504315033722532e-05
24438	2	1.4504315033722532e-05
10124	2	1.4504315033722532e-05
9091	2	1.4504315033722532e-05
29248	2	1.4504315033722532e-05
19935	2	1.4504315033722532e-05
11726	2	1.4504315033722532e-05
21529	2	1.4504315033722532e-05
11814	2	1.4504315033722532e-05
28480	2	1.4504315033722532e-05
19201	2	1.4504315033722532e-05
12996	2	1.4504315033722532e-05
9881	2	1.4504315033722532e-05
24017	2	1.4504315033722532e-05
13463	2	1.4504315033722532e-05
13039	2	1.4504315033722532e-05
1310	2	1.4504315033722532e-05
2053	2	1.4504315033722532e-05
12727	2	1.4504315033722532e-05
12050	2	1.4504315033722532e-05
21822	2	1.4504315033722532e-05
6555	2	1.4504315033722532e-05
257	2	1.4504315033722532e-05
4365	2	1.4504315033722532e-05
17654	2	1.4504315033722532e-05
27845	2	1.4504315033722532e-05
6984	2	1.4504315033722532e-05
1390	2	1.4504315033722532e-05
4207	2	1.4504315033722532e-05
406	2	1.4504315033722532e-05
2013	2	1.4504315033722532e-05
29489	2	1.4504315033722532e-05
5617	2	1.4504315033722532e-05
22758	2	1.4504315033722532e-05
9373	2	1.4504315033722532e-05
3747	2	1.4504315033722532e-05
14025	2	1.4504315033722532e-05
10165	2	1.4504315033722532e-05
11325	2	1.4504315033722532e-05
15841	2	1.4504315033722532e-05
18222	2	1.4504315033722532e-05
12618	2	1.4504315033722532e-05
26006	2	1.4504315033722532e-05
13065	2	1.4504315033722532e-05
1748	2	1.4504315033722532e-05
10072	2	1.4504315033722532e-05
2960	2	1.4504315033722532e-05
1687	2	1.4504315033722532e-05
16581	2	1.4504315033722532e-05
4991	2	1.4504315033722532e-05
17220	2	1.4504315033722532e-05
5124	2	1.4504315033722532e-05
20551	2	1.4504315033722532e-05
2146	2	1.4504315033722532e-05
24368	2	1.4504315033722532e-05
10412	2	1.4504315033722532e-05
15570	2	1.4504315033722532e-05
13566	2	1.4504315033722532e-05
10713	2	1.4504315033722532e-05
6043	2	1.4504315033722532e-05
18963	2	1.4504315033722532e-05
14352	2	1.4504315033722532e-05
29463	2	1.4504315033722532e-05
5996	2	1.4504315033722532e-05
5212	2	1.4504315033722532e-05
25208	2	1.4504315033722532e-05
23963	2	1.4504315033722532e-05
3204	2	1.4504315033722532e-05
8959	2	1.4504315033722532e-05
17635	2	1.4504315033722532e-05
21321	2	1.4504315033722532e-05
24110	2	1.4504315033722532e-05
22878	2	1.4504315033722532e-05
14936	2	1.4504315033722532e-05
5559	2	1.4504315033722532e-05
11100	2	1.4504315033722532e-05
9920	2	1.4504315033722532e-05
1795	2	1.4504315033722532e-05
16890	2	1.4504315033722532e-05
27577	2	1.4504315033722532e-05
2546	2	1.4504315033722532e-05
28494	2	1.4504315033722532e-05
1497	2	1.4504315033722532e-05
2330	2	1.4504315033722532e-05
446	2	1.4504315033722532e-05
5817	2	1.4504315033722532e-05
2121	2	1.4504315033722532e-05
9230	2	1.4504315033722532e-05
14257	2	1.4504315033722532e-05
716	2	1.4504315033722532e-05
14149	2	1.4504315033722532e-05
464	2	1.4504315033722532e-05
15017	2	1.4504315033722532e-05
1011	2	1.4504315033722532e-05
14075	2	1.4504315033722532e-05
27940	2	1.4504315033722532e-05
27405	2	1.4504315033722532e-05
23172	2	1.4504315033722532e-05
19164	2	1.4504315033722532e-05
372	2	1.4504315033722532e-05
9430	2	1.4504315033722532e-05
11303	2	1.4504315033722532e-05
14490	2	1.4504315033722532e-05
28200	2	1.4504315033722532e-05
15555	2	1.4504315033722532e-05
20464	2	1.4504315033722532e-05
3868	2	1.4504315033722532e-05
1751	2	1.4504315033722532e-05
2711	2	1.4504315033722532e-05
14984	2	1.4504315033722532e-05
19615	2	1.4504315033722532e-05
24247	2	1.4504315033722532e-05
8469	2	1.4504315033722532e-05
11151	2	1.4504315033722532e-05
29038	2	1.4504315033722532e-05
16849	2	1.4504315033722532e-05
11070	2	1.4504315033722532e-05
2632	2	1.4504315033722532e-05
23984	2	1.4504315033722532e-05
3735	2	1.4504315033722532e-05
2073	2	1.4504315033722532e-05
3745	2	1.4504315033722532e-05
29983	2	1.4504315033722532e-05
26723	2	1.4504315033722532e-05
3491	2	1.4504315033722532e-05
27653	2	1.4504315033722532e-05
20127	2	1.4504315033722532e-05
8199	2	1.4504315033722532e-05
9486	2	1.4504315033722532e-05
7264	2	1.4504315033722532e-05
2529	2	1.4504315033722532e-05
5434	2	1.4504315033722532e-05
22432	2	1.4504315033722532e-05
814	2	1.4504315033722532e-05
14462	2	1.4504315033722532e-05
673	2	1.4504315033722532e-05
11530	2	1.4504315033722532e-05
8980	2	1.4504315033722532e-05
17227	2	1.4504315033722532e-05
13791	1	7.252157516861266e-06
569	1	7.252157516861266e-06
5156	1	7.252157516861266e-06
4010	1	7.252157516861266e-06
8695	1	7.252157516861266e-06
3526	1	7.252157516861266e-06
17716	1	7.252157516861266e-06
11902	1	7.252157516861266e-06
15155	1	7.252157516861266e-06
12801	1	7.252157516861266e-06
27626	1	7.252157516861266e-06
9336	1	7.252157516861266e-06
9389	1	7.252157516861266e-06
15937	1	7.252157516861266e-06
25112	1	7.252157516861266e-06
14135	1	7.252157516861266e-06
24511	1	7.252157516861266e-06
9726	1	7.252157516861266e-06
4369	1	7.252157516861266e-06
3606	1	7.252157516861266e-06
28746	1	7.252157516861266e-06
18872	1	7.252157516861266e-06
10236	1	7.252157516861266e-06
12173	1	7.252157516861266e-06
26211	1	7.252157516861266e-06
2664	1	7.252157516861266e-06
13547	1	7.252157516861266e-06
22643	1	7.252157516861266e-06
10784	1	7.252157516861266e-06
2804	1	7.252157516861266e-06
25165	1	7.252157516861266e-06
16345	1	7.252157516861266e-06
1580	1	7.252157516861266e-06
9425	1	7.252157516861266e-06
13535	1	7.252157516861266e-06
613	1	7.252157516861266e-06
8261	1	7.252157516861266e-06
5146	1	7.252157516861266e-06
11818	1	7.252157516861266e-06
4602	1	7.252157516861266e-06
2406	1	7.252157516861266e-06
13306	1	7.252157516861266e-06
6682	1	7.252157516861266e-06
11550	1	7.252157516861266e-06
2686	1	7.252157516861266e-06
10820	1	7.252157516861266e-06
7188	1	7.252157516861266e-06
8	1	7.252157516861266e-06
11202	1	7.252157516861266e-06
28113	1	7.252157516861266e-06
2278	1	7.252157516861266e-06
7361	1	7.252157516861266e-06
503	1	7.252157516861266e-06
20926	1	7.252157516861266e-06
21107	1	7.252157516861266e-06
10444	1	7.252157516861266e-06
9842	1	7.252157516861266e-06
24468	1	7.252157516861266e-06
14697	1	7.252157516861266e-06
20765	1	7.252157516861266e-06
22345	1	7.252157516861266e-06
1749	1	7.252157516861266e-06
6854	1	7.252157516861266e-06
28060	1	7.252157516861266e-06
2012	1	7.252157516861266e-06
11837	1	7.252157516861266e-06
6472	1	7.252157516861266e-06
3236	1	7.252157516861266e-06
18996	1	7.252157516861266e-06
3958	1	7.252157516861266e-06
1678	1	7.252157516861266e-06
603	1	7.252157516861266e-06
17258	1	7.252157516861266e-06
8770	1	7.252157516861266e-06
688	1	7.252157516861266e-06
12774	1	7.252157516861266e-06
619	1	7.252157516861266e-06
6422	1	7.252157516861266e-06
437	1	7.252157516861266e-06
7232	1	7.252157516861266e-06
18627	1	7.252157516861266e-06
27686	1	7.252157516861266e-06
206	1	7.252157516861266e-06
5632	1	7.252157516861266e-06
4817	1	7.252157516861266e-06
28336	1	7.252157516861266e-06
21183	1	7.252157516861266e-06
2150	1	7.252157516861266e-06
1810	1	7.252157516861266e-06
15831	1	7.252157516861266e-06
12693	1	7.252157516861266e-06
12219	1	7.252157516861266e-06
16372	1	7.252157516861266e-06
13789	1	7.252157516861266e-06
14358	1	7.252157516861266e-06
29128	1	7.252157516861266e-06
17479	1	7.252157516861266e-06
4769	1	7.252157516861266e-06
1825	1	7.252157516861266e-06
9484	1	7.252157516861266e-06
7706	1	7.252157516861266e-06
10466	1	7.252157516861266e-06
6999	1	7.252157516861266e-06
8366	1	7.252157516861266e-06
8706	1	7.252157516861266e-06
26099	1	7.252157516861266e-06
30341	1	7.252157516861266e-06
288	1	7.252157516861266e-06
19003	1	7.252157516861266e-06
20940	1	7.252157516861266e-06
23093	1	7.252157516861266e-06
6542	1	7.252157516861266e-06
6011	1	7.252157516861266e-06
15800	1	7.252157516861266e-06
8475	1	7.252157516861266e-06
328	1	7.252157516861266e-06
17469	1	7.252157516861266e-06
22445	1	7.252157516861266e-06
6317	1	7.252157516861266e-06
2070	1	7.252157516861266e-06
114	1	7.252157516861266e-06
17169	1	7.252157516861266e-06
55	1	7.252157516861266e-06
27337	1	7.252157516861266e-06
28793	1	7.252157516861266e-06
17095	1	7.252157516861266e-06
11425	1	7.252157516861266e-06
27009	1	7.252157516861266e-06
10229	1	7.252157516861266e-06
1672	1	7.252157516861266e-06
27728	1	7.252157516861266e-06
5681	1	7.252157516861266e-06
17254	1	7.252157516861266e-06
17851	1	7.252157516861266e-06
26561	1	7.252157516861266e-06
23198	1	7.252157516861266e-06
2405	1	7.252157516861266e-06
2226	1	7.252157516861266e-06
24567	1	7.252157516861266e-06
292	1	7.252157516861266e-06
14317	1	7.252157516861266e-06
3775	1	7.252157516861266e-06
13178	1	7.252157516861266e-06
21920	1	7.252157516861266e-06
3911	1	7.252157516861266e-06
27904	1	7.252157516861266e-06
2867	1	7.252157516861266e-06
10563	1	7.252157516861266e-06
17830	1	7.252157516861266e-06
16486	1	7.252157516861266e-06
9475	1	7.252157516861266e-06
20121	1	7.252157516861266e-06
10026	1	7.252157516861266e-06
29700	1	7.252157516861266e-06
28408	1	7.252157516861266e-06
28989	1	7.252157516861266e-06
990	1	7.252157516861266e-06
1461	1	7.252157516861266e-06
29459	1	7.252157516861266e-06
23261	1	7.252157516861266e-06
6949	1	7.252157516861266e-06
24433	1	7.252157516861266e-06
5951	1	7.252157516861266e-06
12705	1	7.252157516861266e-06
172	1	7.252157516861266e-06
8916	1	7.252157516861266e-06
11603	1	7.252157516861266e-06
8488	1	7.252157516861266e-06
20207	1	7.252157516861266e-06
10960	1	7.252157516861266e-06
7060	1	7.252157516861266e-06
6377	1	7.252157516861266e-06
489	1	7.252157516861266e-06
10657	1	7.252157516861266e-06
29396	1	7.252157516861266e-06
3459	1	7.252157516861266e-06
19569	1	7.252157516861266e-06
16540	1	7.252157516861266e-06
129	1	7.252157516861266e-06
21416	1	7.252157516861266e-06
19115	1	7.252157516861266e-06
16425	1	7.252157516861266e-06
1568	1	7.252157516861266e-06
29986	1	7.252157516861266e-06
24938	1	7.252157516861266e-06
4881	1	7.252157516861266e-06
1776	1	7.252157516861266e-06
5430	1	7.252157516861266e-06
17403	1	7.252157516861266e-06
1726	1	7.252157516861266e-06
869	1	7.252157516861266e-06
16582	1	7.252157516861266e-06
22906	1	7.252157516861266e-06
20783	1	7.252157516861266e-06
28716	1	7.252157516861266e-06
28687	1	7.252157516861266e-06
21713	1	7.252157516861266e-06
382	1	7.252157516861266e-06
13396	1	7.252157516861266e-06
13672	1	7.252157516861266e-06
1160	1	7.252157516861266e-06
2493	1	7.252157516861266e-06
1183	1	7.252157516861266e-06
14227	1	7.252157516861266e-06
4924	1	7.252157516861266e-06
21387	1	7.252157516861266e-06
7056	1	7.252157516861266e-06
8326	1	7.252157516861266e-06
15662	1	7.252157516861266e-06
11505	1	7.252157516861266e-06
11262	1	7.252157516861266e-06
18563	1	7.252157516861266e-06
2826	1	7.252157516861266e-06
13161	1	7.252157516861266e-06
29470	1	7.252157516861266e-06
182	1	7.252157516861266e-06
3701	1	7.252157516861266e-06
17665	1	7.252157516861266e-06
8857	1	7.252157516861266e-06
19873	1	7.252157516861266e-06
25524	1	7.252157516861266e-06
5686	1	7.252157516861266e-06
5856	1	7.252157516861266e-06
8447	1	7.252157516861266e-06
22501	1	7.252157516861266e-06
929	1	7.252157516861266e-06
7782	1	7.252157516861266e-06
12655	1	7.252157516861266e-06
259	1	7.252157516861266e-06
8670	1	7.252157516861266e-06
25851	1	7.252157516861266e-06
14314	1	7.252157516861266e-06
8637	1	7.252157516861266e-06
8296	1	7.252157516861266e-06
21071	1	7.252157516861266e-06
10702	1	7.252157516861266e-06
1673	1	7.252157516861266e-06
16384	1	7.252157516861266e-06
20180	1	7.252157516861266e-06
762	1	7.252157516861266e-06
28669	1	7.252157516861266e-06
7478	1	7.252157516861266e-06
13191	1	7.252157516861266e-06
5609	1	7.252157516861266e-06
17946	1	7.252157516861266e-06
21110	1	7.252157516861266e-06
3792	1	7.252157516861266e-06
19185	1	7.252157516861266e-06
9544	1	7.252157516861266e-06
1876	1	7.252157516861266e-06
11055	1	7.252157516861266e-06
8152	1	7.252157516861266e-06
1794	1	7.252157516861266e-06
29300	1	7.252157516861266e-06
12846	1	7.252157516861266e-06
3905	1	7.252157516861266e-06
25689	1	7.252157516861266e-06
126	1	7.252157516861266e-06
15233	1	7.252157516861266e-06
2034	1	7.252157516861266e-06
14400	1	7.252157516861266e-06
1161	1	7.252157516861266e-06
15138	1	7.252157516861266e-06
10098	1	7.252157516861266e-06
25179	1	7.252157516861266e-06
27513	1	7.252157516861266e-06
2859	1	7.252157516861266e-06
76	1	7.252157516861266e-06
14181	1	7.252157516861266e-06
21492	1	7.252157516861266e-06
318	1	7.252157516861266e-06
22134	1	7.252157516861266e-06
690	1	7.252157516861266e-06
13686	1	7.252157516861266e-06
13413	1	7.252157516861266e-06
19590	1	7.252157516861266e-06
29676	1	7.252157516861266e-06
7898	1	7.252157516861266e-06
20120	1	7.252157516861266e-06
5728	1	7.252157516861266e-06
15974	1	7.252157516861266e-06
19689	1	7.252157516861266e-06
1435	1	7.252157516861266e-06
6561	1	7.252157516861266e-06
5036	1	7.252157516861266e-06
28757	1	7.252157516861266e-06
2640	1	7.252157516861266e-06
1833	1	7.252157516861266e-06
13152	1	7.252157516861266e-06
30553	1	7.252157516861266e-06
10771	1	7.252157516861266e-06
4751	1	7.252157516861266e-06
5477	1	7.252157516861266e-06
22232	1	7.252157516861266e-06
25117	1	7.252157516861266e-06
7415	1	7.252157516861266e-06
1405	1	7.252157516861266e-06
27643	1	7.252157516861266e-06
15235	1	7.252157516861266e-06
6626	1	7.252157516861266e-06
9096	1	7.252157516861266e-06
3384	1	7.252157516861266e-06
9914	1	7.252157516861266e-06
12971	1	7.252157516861266e-06
26852	1	7.252157516861266e-06
14059	1	7.252157516861266e-06
19631	1	7.252157516861266e-06
3700	1	7.252157516861266e-06
12434	1	7.252157516861266e-06
11754	1	7.252157516861266e-06
20835	1	7.252157516861266e-06
459	1	7.252157516861266e-06
28915	1	7.252157516861266e-06
23921	1	7.252157516861266e-06
6324	1	7.252157516861266e-06
12247	1	7.252157516861266e-06
5529	1	7.252157516861266e-06
12628	1	7.252157516861266e-06
3664	1	7.252157516861266e-06
19686	1	7.252157516861266e-06
317	1	7.252157516861266e-06
9310	1	7.252157516861266e-06
4180	1	7.252157516861266e-06
6435	1	7.252157516861266e-06
3919	1	7.252157516861266e-06
15586	1	7.252157516861266e-06
27517	1	7.252157516861266e-06
7956	1	7.252157516861266e-06
19301	1	7.252157516861266e-06
5145	1	7.252157516861266e-06
5983	1	7.252157516861266e-06
10523	1	7.252157516861266e-06
8319	1	7.252157516861266e-06
607	1	7.252157516861266e-06
1689	1	7.252157516861266e-06
7939	1	7.252157516861266e-06
14672	1	7.252157516861266e-06
1739	1	7.252157516861266e-06
10756	1	7.252157516861266e-06
27957	1	7.252157516861266e-06
27377	1	7.252157516861266e-06
966	1	7.252157516861266e-06
873	1	7.252157516861266e-06
7521	1	7.252157516861266e-06
2295	1	7.252157516861266e-06
4920	1	7.252157516861266e-06
13322	1	7.252157516861266e-06
4720	1	7.252157516861266e-06
14669	1	7.252157516861266e-06
17967	1	7.252157516861266e-06
18859	1	7.252157516861266e-06
6498	1	7.252157516861266e-06
17577	1	7.252157516861266e-06
1486	1	7.252157516861266e-06
9085	1	7.252157516861266e-06
10777	1	7.252157516861266e-06
4223	1	7.252157516861266e-06
4117	1	7.252157516861266e-06
7360	1	7.252157516861266e-06
18682	1	7.252157516861266e-06
10530	1	7.252157516861266e-06
2846	1	7.252157516861266e-06
19116	1	7.252157516861266e-06
19672	1	7.252157516861266e-06
18783	1	7.252157516861266e-06
26220	1	7.252157516861266e-06
11506	1	7.252157516861266e-06
23714	1	7.252157516861266e-06
1768	1	7.252157516861266e-06
21175	1	7.252157516861266e-06
5949	1	7.252157516861266e-06
853	1	7.252157516861266e-06
28380	1	7.252157516861266e-06
16569	1	7.252157516861266e-06
9528	1	7.252157516861266e-06
12154	1	7.252157516861266e-06
3763	1	7.252157516861266e-06
9671	1	7.252157516861266e-06
8476	1	7.252157516861266e-06
22800	1	7.252157516861266e-06
5192	1	7.252157516861266e-06
26493	1	7.252157516861266e-06
16030	1	7.252157516861266e-06
28973	1	7.252157516861266e-06
10992	1	7.252157516861266e-06
4654	1	7.252157516861266e-06
25230	1	7.252157516861266e-06
9366	1	7.252157516861266e-06
2088	1	7.252157516861266e-06
6748	1	7.252157516861266e-06
15308	1	7.252157516861266e-06
19951	1	7.252157516861266e-06
4628	1	7.252157516861266e-06
1052	1	7.252157516861266e-06
29627	1	7.252157516861266e-06
1994	1	7.252157516861266e-06
5518	1	7.252157516861266e-06
4373	1	7.252157516861266e-06
9491	1	7.252157516861266e-06
6303	1	7.252157516861266e-06
2974	1	7.252157516861266e-06
17037	1	7.252157516861266e-06
10166	1	7.252157516861266e-06
4062	1	7.252157516861266e-06
17503	1	7.252157516861266e-06
15698	1	7.252157516861266e-06
7844	1	7.252157516861266e-06
15709	1	7.252157516861266e-06
11093	1	7.252157516861266e-06
1799	1	7.252157516861266e-06
7069	1	7.252157516861266e-06
12997	1	7.252157516861266e-06
11318	1	7.252157516861266e-06
21484	1	7.252157516861266e-06
21750	1	7.252157516861266e-06
13831	1	7.252157516861266e-06
6010	1	7.252157516861266e-06
26799	1	7.252157516861266e-06
1115	1	7.252157516861266e-06
9792	1	7.252157516861266e-06
2754	1	7.252157516861266e-06
26247	1	7.252157516861266e-06
13376	1	7.252157516861266e-06
17736	1	7.252157516861266e-06
8382	1	7.252157516861266e-06
28047	1	7.252157516861266e-06
22421	1	7.252157516861266e-06
24522	1	7.252157516861266e-06
10308	1	7.252157516861266e-06
6654	1	7.252157516861266e-06
18203	1	7.252157516861266e-06
14538	1	7.252157516861266e-06
22882	1	7.252157516861266e-06
26529	1	7.252157516861266e-06
15269	1	7.252157516861266e-06
10918	1	7.252157516861266e-06
1035	1	7.252157516861266e-06
9704	1	7.252157516861266e-06
12195	1	7.252157516861266e-06
17001	1	7.252157516861266e-06
537	1	7.252157516861266e-06
4728	1	7.252157516861266e-06
28732	1	7.252157516861266e-06
5234	1	7.252157516861266e-06
20370	1	7.252157516861266e-06
3116	1	7.252157516861266e-06
19217	1	7.252157516861266e-06
2357	1	7.252157516861266e-06
4712	1	7.252157516861266e-06
10363	1	7.252157516861266e-06
6844	1	7.252157516861266e-06
13117	1	7.252157516861266e-06
10262	1	7.252157516861266e-06
27410	1	7.252157516861266e-06
15658	1	7.252157516861266e-06
23765	1	7.252157516861266e-06
7292	1	7.252157516861266e-06
5910	1	7.252157516861266e-06
15436	1	7.252157516861266e-06
9292	1	7.252157516861266e-06
30582	1	7.252157516861266e-06
3035	1	7.252157516861266e-06
2492	1	7.252157516861266e-06
1407	1	7.252157516861266e-06
6387	1	7.252157516861266e-06
11501	1	7.252157516861266e-06
28350	1	7.252157516861266e-06
18838	1	7.252157516861266e-06
3853	1	7.252157516861266e-06
10494	1	7.252157516861266e-06
13443	1	7.252157516861266e-06
1803	1	7.252157516861266e-06
29134	1	7.252157516861266e-06
11939	1	7.252157516861266e-06
21639	1	7.252157516861266e-06
13484	1	7.252157516861266e-06
10848	1	7.252157516861266e-06
10253	1	7.252157516861266e-06
4452	1	7.252157516861266e-06
246	1	7.252157516861266e-06
26659	1	7.252157516861266e-06
12118	1	7.252157516861266e-06
471	1	7.252157516861266e-06
16429	1	7.252157516861266e-06
2374	1	7.252157516861266e-06
4760	1	7.252157516861266e-06
21010	1	7.252157516861266e-06
6016	1	7.252157516861266e-06
28581	1	7.252157516861266e-06
1519	1	7.252157516861266e-06
14326	1	7.252157516861266e-06
28072	1	7.252157516861266e-06
8566	1	7.252157516861266e-06
23383	1	7.252157516861266e-06
17878	1	7.252157516861266e-06
11305	1	7.252157516861266e-06
5141	1	7.252157516861266e-06
19077	1	7.252157516861266e-06
23556	1	7.252157516861266e-06
14805	1	7.252157516861266e-06
15396	1	7.252157516861266e-06
8066	1	7.252157516861266e-06
3772	1	7.252157516861266e-06
7720	1	7.252157516861266e-06
24366	1	7.252157516861266e-06
935	1	7.252157516861266e-06
24121	1	7.252157516861266e-06
10277	1	7.252157516861266e-06
22460	1	7.252157516861266e-06
11241	1	7.252157516861266e-06
12967	1	7.252157516861266e-06
14616	1	7.252157516861266e-06
7347	1	7.252157516861266e-06
6995	1	7.252157516861266e-06
21719	1	7.252157516861266e-06
6304	1	7.252157516861266e-06
2227	1	7.252157516861266e-06
3583	1	7.252157516861266e-06
4409	1	7.252157516861266e-06
2745	1	7.252157516861266e-06
4940	1	7.252157516861266e-06
7230	1	7.252157516861266e-06
11531	1	7.252157516861266e-06
17278	1	7.252157516861266e-06
5490	1	7.252157516861266e-06
1623	1	7.252157516861266e-06
3192	1	7.252157516861266e-06
3639	1	7.252157516861266e-06
29881	1	7.252157516861266e-06
4497	1	7.252157516861266e-06
6097	1	7.252157516861266e-06
11018	1	7.252157516861266e-06
7627	1	7.252157516861266e-06
17604	1	7.252157516861266e-06
4203	1	7.252157516861266e-06
24691	1	7.252157516861266e-06
15536	1	7.252157516861266e-06
9595	1	7.252157516861266e-06
4394	1	7.252157516861266e-06
10025	1	7.252157516861266e-06
7490	1	7.252157516861266e-06
8229	1	7.252157516861266e-06
4168	1	7.252157516861266e-06
8540	1	7.252157516861266e-06
171	1	7.252157516861266e-06
312	1	7.252157516861266e-06
22642	1	7.252157516861266e-06
19736	1	7.252157516861266e-06
16206	1	7.252157516861266e-06
13297	1	7.252157516861266e-06
2014	1	7.252157516861266e-06
22390	1	7.252157516861266e-06
13821	1	7.252157516861266e-06
16440	1	7.252157516861266e-06
7253	1	7.252157516861266e-06
11107	1	7.252157516861266e-06
739	1	7.252157516861266e-06
12659	1	7.252157516861266e-06
20213	1	7.252157516861266e-06
25141	1	7.252157516861266e-06
4894	1	7.252157516861266e-06
25807	1	7.252157516861266e-06
4681	1	7.252157516861266e-06
20190	1	7.252157516861266e-06
9776	1	7.252157516861266e-06
17488	1	7.252157516861266e-06
12787	1	7.252157516861266e-06
14909	1	7.252157516861266e-06
17003	1	7.252157516861266e-06
30519	1	7.252157516861266e-06
1237	1	7.252157516861266e-06
5014	1	7.252157516861266e-06
23750	1	7.252157516861266e-06
13044	1	7.252157516861266e-06
19902	1	7.252157516861266e-06
13494	1	7.252157516861266e-06
10610	1	7.252157516861266e-06
27485	1	7.252157516861266e-06
11755	1	7.252157516861266e-06
1012	1	7.252157516861266e-06
15471	1	7.252157516861266e-06
27269	1	7.252157516861266e-06
5054	1	7.252157516861266e-06
13201	1	7.252157516861266e-06
5248	1	7.252157516861266e-06
12483	1	7.252157516861266e-06
2016	1	7.252157516861266e-06
9354	1	7.252157516861266e-06
3372	1	7.252157516861266e-06
22183	1	7.252157516861266e-06
9700	1	7.252157516861266e-06
27230	1	7.252157516861266e-06
20211	1	7.252157516861266e-06
1610	1	7.252157516861266e-06
13108	1	7.252157516861266e-06
1288	1	7.252157516861266e-06
26826	1	7.252157516861266e-06
583	1	7.252157516861266e-06
13940	1	7.252157516861266e-06
9869	1	7.252157516861266e-06
15892	1	7.252157516861266e-06
18733	1	7.252157516861266e-06
15501	1	7.252157516861266e-06
25912	1	7.252157516861266e-06
18096	1	7.252157516861266e-06
25707	1	7.252157516861266e-06
2106	1	7.252157516861266e-06
1488	1	7.252157516861266e-06
22925	1	7.252157516861266e-06
7040	1	7.252157516861266e-06
14799	1	7.252157516861266e-06
50	1	7.252157516861266e-06
11446	1	7.252157516861266e-06
3793	1	7.252157516861266e-06
7305	1	7.252157516861266e-06
8060	1	7.252157516861266e-06
22038	1	7.252157516861266e-06
5405	1	7.252157516861266e-06
3201	1	7.252157516861266e-06
8564	1	7.252157516861266e-06
663	1	7.252157516861266e-06
3446	1	7.252157516861266e-06
17819	1	7.252157516861266e-06
701	1	7.252157516861266e-06
1346	1	7.252157516861266e-06
18501	1	7.252157516861266e-06
2201	1	7.252157516861266e-06
15149	1	7.252157516861266e-06
12839	1	7.252157516861266e-06
1065	1	7.252157516861266e-06
3138	1	7.252157516861266e-06
27053	1	7.252157516861266e-06
3984	1	7.252157516861266e-06
2876	1	7.252157516861266e-06
15727	1	7.252157516861266e-06
16041	1	7.252157516861266e-06
2116	1	7.252157516861266e-06
5494	1	7.252157516861266e-06
20814	1	7.252157516861266e-06
8015	1	7.252157516861266e-06
7038	1	7.252157516861266e-06
12366	1	7.252157516861266e-06
23918	1	7.252157516861266e-06
10782	1	7.252157516861266e-06
22336	1	7.252157516861266e-06
3260	1	7.252157516861266e-06
9575	1	7.252157516861266e-06
2407	1	7.252157516861266e-06
20633	1	7.252157516861266e-06
27989	1	7.252157516861266e-06
8777	1	7.252157516861266e-06
14111	1	7.252157516861266e-06
6151	1	7.252157516861266e-06
5286	1	7.252157516861266e-06
13766	1	7.252157516861266e-06
4585	1	7.252157516861266e-06
249	1	7.252157516861266e-06
5424	1	7.252157516861266e-06
14388	1	7.252157516861266e-06
3921	1	7.252157516861266e-06
4299	1	7.252157516861266e-06
22385	1	7.252157516861266e-06
23774	1	7.252157516861266e-06
15597	1	7.252157516861266e-06
12232	1	7.252157516861266e-06
9622	1	7.252157516861266e-06
4547	1	7.252157516861266e-06
24447	1	7.252157516861266e-06
3927	1	7.252157516861266e-06
27820	1	7.252157516861266e-06
4051	1	7.252157516861266e-06
6181	1	7.252157516861266e-06
4916	1	7.252157516861266e-06
8153	1	7.252157516861266e-06
15750	1	7.252157516861266e-06
6876	1	7.252157516861266e-06
25647	1	7.252157516861266e-06
27084	1	7.252157516861266e-06
29142	1	7.252157516861266e-06
21359	1	7.252157516861266e-06
17211	1	7.252157516861266e-06
16254	1	7.252157516861266e-06
24430	1	7.252157516861266e-06
838	1	7.252157516861266e-06
8230	1	7.252157516861266e-06
6675	1	7.252157516861266e-06
14741	1	7.252157516861266e-06
14916	1	7.252157516861266e-06
12370	1	7.252157516861266e-06
10811	1	7.252157516861266e-06
9627	1	7.252157516861266e-06
22862	1	7.252157516861266e-06
6951	1	7.252157516861266e-06
22631	1	7.252157516861266e-06
