29525	3228	0.023328756233287562
11535	3072	0.022201344222013444
8438	2915	0.02106670521066705
29616	2648	0.019137096191370963
25472	2249	0.01625352316253523
28236	2059	0.014880393148803931
15622	1839	0.013290453132904532
1220	1818	0.013138686131386862
7863	1813	0.013102551131025512
11601	1766	0.012762882127628822
2704	1733	0.012524391125243912
2320	1731	0.01250993712509937
4488	1701	0.012293127122931272
3425	1670	0.012069090120690901
19370	1648	0.011910096119100962
17890	1557	0.01125243911252439
1301	1506	0.010883862108838621
9515	1506	0.010883862108838621
15047	1487	0.01074654910746549
21363	1467	0.010602009106020091
5246	1410	0.0101900701019007
18484	1377	0.009951579099515792
21547	1356	0.009799812097998122
891	1308	0.009452916094529161
6603	1269	0.00917106309171063
16276	1230	0.0088892100888921
2914	1198	0.00865794608657946
134	1188	0.008585676085856761
1612	1180	0.0085278600852786
18357	1132	0.008180964081809641
26419	1053	0.007610031076100311
3496	990	0.007154730071547301
15799	984	0.007111368071113681
16878	977	0.007060779070607791
25617	935	0.0067572450675724505
26189	918	0.006634386066343861
5270	916	0.006619932066199321
23892	896	0.006475392064753921
23730	875	0.006323625063236251
14278	862	0.006229674062296741
25486	847	0.006121269061212691
12722	825	0.005962275059622751
12305	817	0.00590445905904459
3861	790	0.005709330057093301
11412	767	0.00554310905543109
10742	766	0.005535882055358821
12121	759	0.005485293054852931
14622	758	0.00547806605478066
686	753	0.005441931054419311
25819	747	0.005398569053985691
18826	747	0.005398569053985691
30629	743	0.005369661053696611
27756	738	0.005333526053335261
27718	721	0.00521066705210667
18112	718	0.005188986051889861
30502	698	0.00504444605044446
3284	691	0.004993857049938571
11137	685	0.0049504950495049506
8976	669	0.004834863048348631
1843	666	0.004813182048131821
8501	664	0.00479872804798728
24151	652	0.00471200404712004
16378	646	0.00466864204668642
323	640	0.0046252800462528
20102	634	0.004581918045819181
7176	617	0.00445905904459059
13701	613	0.004430151044301511
18509	612	0.00442292404422924
18536	598	0.0043217460432174604
13024	578	0.004177206041772061
796	573	0.0041410710414107104
262	571	0.00412661704126617
3105	563	0.004068801040688011
1716	560	0.004047120040471201
4370	558	0.00403266604032666
1180	550	0.003974850039748501
2192	539	0.0038953530389535303
21600	538	0.00388812603888126
8449	528	0.0038158560381585604
29295	527	0.00380862903808629
7227	527	0.00380862903808629
4947	517	0.0037363590373635904
26626	515	0.0037219050372190505
3650	507	0.0036640890366408906
3720	503	0.0036351810363518104
5109	478	0.0034545060345450604
2147	466	0.0033677820336778202
11951	465	0.0033605550336055505
8022	465	0.0033605550336055505
29366	464	0.0033533280335332804
17058	461	0.0033316470333164703
16397	456	0.0032955120329551204
6640	441	0.0031871070318710702
14593	439	0.0031726530317265304
10220	424	0.00306424803064248
20573	417	0.0030136590301365904
17581	417	0.0030136590301365904
5030	404	0.00291970802919708
3716	403	0.0029124810291248104
6052	399	0.00288357302883573
9217	395	0.0028546650285466504
8591	391	0.0028257570282575703
16009	389	0.0028113030281130304
7549	377	0.0027245790272457902
19490	370	0.0026739900267399004
9880	364	0.0026306280263062804
3648	348	0.00251499602514996
28430	336	0.0024282720242827203
10266	336	0.0024282720242827203
28830	320	0.0023126400231264
2482	314	0.0022692780226927804
19471	314	0.0022692780226927804
8262	312	0.00225482402254824
23933	309	0.00223314302233143
14641	303	0.0021897810218978104
7318	302	0.0021825540218255403
23160	299	0.0021608730216087302
18178	298	0.00215364602153646
2501	298	0.00215364602153646
19895	280	0.0020235600202356003
175	276	0.00199465201994652
13644	275	0.0019874250198742504
18177	272	0.0019657440196574403
5594	271	0.00195851701958517
7617	267	0.0019296090192960902
24122	267	0.0019296090192960902
12945	265	0.0019151550191515501
22616	260	0.0018790200187902002
19121	253	0.0018284310182843102
23668	252	0.0018212040182120403
19132	250	0.0018067500180675002
3625	248	0.00179229601792296
3080	247	0.0017850690178506901
6237	242	0.0017489340174893402
10933	241	0.0017417070174170703
117	238	0.0017200260172002602
868	231	0.0016694370166943702
22893	229	0.0016549830165498301
16035	228	0.0016477560164775602
13116	227	0.0016405290164052903
3883	225	0.0016260750162607502
4785	223	0.00161162101611621
1253	223	0.00161162101611621
2606	221	0.0015971670159716702
9837	215	0.0015538050155380501
440	215	0.0015538050155380501
18879	212	0.00153212401532124
2715	211	0.0015248970152489702
881	204	0.0014743080147430801
28274	202	0.00145985401459854
28629	202	0.00145985401459854
15999	202	0.00145985401459854
10539	198	0.00143094601430946
22059	194	0.00140203801402038
15016	193	0.0013948110139481102
11928	187	0.00135144901351449
8065	187	0.00135144901351449
11734	187	0.00135144901351449
10864	186	0.0013442220134422202
1926	186	0.0013442220134422202
14437	185	0.0013369950133699502
4800	183	0.0013225410132254101
7777	182	0.0013153140131531402
15848	175	0.0012647250126472502
21957	171	0.0012358170123581702
11922	171	0.0012358170123581702
7107	171	0.0012358170123581702
2225	170	0.0012285900122859
25049	169	0.0012213630122136301
7217	168	0.0012141360121413602
17562	160	0.0011563200115632
25008	160	0.0011563200115632
16350	160	0.0011563200115632
17279	159	0.00114909301149093
14863	159	0.00114909301149093
7954	153	0.00110573101105731
971	153	0.00110573101105731
11033	153	0.00110573101105731
24135	152	0.00109850401098504
470	149	0.00107682301076823
21902	148	0.00106959601069596
27182	147	0.0010623690106236902
26526	147	0.0010623690106236902
28205	146	0.0010551420105514202
24707	139	0.0010045530100455302
3278	135	0.0009756450097564501
9824	133	0.0009611910096119101
621	132	0.0009539640095396401
8675	128	0.0009250560092505601
3738	128	0.0009250560092505601
21213	126	0.0009106020091060201
7401	124	0.00089614800896148
281	123	0.0008889210088892101
5486	123	0.0008889210088892101
23644	117	0.0008455590084555901
14873	117	0.0008455590084555901
15853	117	0.0008455590084555901
22333	116	0.0008383320083833201
8842	110	0.0007949700079497001
8430	108	0.00078051600780516
26959	107	0.0007732890077328901
2298	107	0.0007732890077328901
18644	107	0.0007732890077328901
28142	107	0.0007732890077328901
4108	104	0.0007516080075160801
27586	104	0.0007516080075160801
12455	104	0.0007516080075160801
16305	103	0.0007443810074438101
826	103	0.0007443810074438101
12869	103	0.0007443810074438101
1377	100	0.0007227000072270001
11271	99	0.00071547300715473
12292	97	0.00070101900701019
13450	94	0.00067933800679338
27937	94	0.00067933800679338
1189	93	0.0006721110067211101
14176	93	0.0006721110067211101
17672	91	0.0006576570065765701
5554	91	0.0006576570065765701
26468	91	0.0006576570065765701
27134	90	0.0006504300065043
27770	89	0.0006432030064320301
23159	89	0.0006432030064320301
8471	87	0.00062874900628749
23262	87	0.00062874900628749
7150	86	0.0006215220062152201
12575	85	0.00061429500614295
13627	84	0.0006070680060706801
14776	84	0.0006070680060706801
20384	84	0.0006070680060706801
4101	84	0.0006070680060706801
19042	84	0.0006070680060706801
18283	84	0.0006070680060706801
22451	83	0.00059984100599841
10559	82	0.0005926140059261401
13950	82	0.0005926140059261401
7086	82	0.0005926140059261401
20906	82	0.0005926140059261401
14613	81	0.00058538700585387
1156	81	0.00058538700585387
7326	80	0.0005781600057816
14661	80	0.0005781600057816
6730	79	0.0005709330057093301
14115	78	0.00056370600563706
25404	78	0.00056370600563706
6369	77	0.0005564790055647901
6680	77	0.0005564790055647901
1328	77	0.0005564790055647901
2875	77	0.0005564790055647901
1582	77	0.0005564790055647901
13886	77	0.0005564790055647901
7412	76	0.00054925200549252
10636	75	0.0005420250054202501
16449	75	0.0005420250054202501
21942	75	0.0005420250054202501
19941	75	0.0005420250054202501
28612	74	0.00053479800534798
11397	74	0.00053479800534798
2647	73	0.0005275710052757101
2402	72	0.0005203440052034401
2010	72	0.0005203440052034401
1337	71	0.00051311700513117
589	71	0.00051311700513117
23757	70	0.0005058900050589001
3528	70	0.0005058900050589001
7389	69	0.00049866300498663
29996	69	0.00049866300498663
3481	68	0.0004914360049143601
993	68	0.0004914360049143601
24937	66	0.00047698200476982005
3975	66	0.00047698200476982005
6396	64	0.00046252800462528006
14818	64	0.00046252800462528006
25254	64	0.00046252800462528006
14402	64	0.00046252800462528006
4052	63	0.00045530100455301007
14122	63	0.00045530100455301007
27695	63	0.00045530100455301007
777	63	0.00045530100455301007
9321	63	0.00045530100455301007
15627	62	0.00044807400448074
4352	62	0.00044807400448074
18245	62	0.00044807400448074
2865	61	0.00044084700440847
29612	61	0.00044084700440847
4553	61	0.00044084700440847
3030	60	0.00043362000433620003
21378	60	0.00043362000433620003
27785	59	0.00042639300426393004
27318	59	0.00042639300426393004
5318	59	0.00042639300426393004
11312	58	0.00041916600419166004
15605	58	0.00041916600419166004
703	58	0.00041916600419166004
10371	57	0.00041193900411939005
5110	57	0.00041193900411939005
6973	57	0.00041193900411939005
4451	56	0.00040471200404712006
27197	56	0.00040471200404712006
30246	56	0.00040471200404712006
25234	55	0.00039748500397485006
30408	55	0.00039748500397485006
15516	55	0.00039748500397485006
21527	55	0.00039748500397485006
20571	55	0.00039748500397485006
7180	54	0.00039025800390258
1476	54	0.00039025800390258
8497	54	0.00039025800390258
14508	54	0.00039025800390258
8383	54	0.00039025800390258
26183	54	0.00039025800390258
19812	52	0.00037580400375804003
25968	52	0.00037580400375804003
25498	51	0.00036857700368577004
7424	50	0.00036135000361350004
27158	50	0.00036135000361350004
15121	49	0.00035412300354123005
16921	49	0.00035412300354123005
4256	49	0.00035412300354123005
11473	49	0.00035412300354123005
5087	48	0.00034689600346896006
14381	47	0.00033966900339669
1846	47	0.00033966900339669
8790	46	0.00033244200332442
11211	46	0.00033244200332442
16083	45	0.00032521500325215
3560	45	0.00032521500325215
2932	45	0.00032521500325215
7459	45	0.00032521500325215
1655	45	0.00032521500325215
17021	44	0.00031798800317988003
30255	44	0.00031798800317988003
301	44	0.00031798800317988003
22851	44	0.00031798800317988003
876	44	0.00031798800317988003
3942	43	0.00031076100310761004
27650	42	0.00030353400303534004
16922	42	0.00030353400303534004
9175	42	0.00030353400303534004
4648	42	0.00030353400303534004
746	42	0.00030353400303534004
1104	41	0.00029630700296307005
14632	41	0.00029630700296307005
7856	41	0.00029630700296307005
25100	40	0.0002890800028908
216	40	0.0002890800028908
8049	40	0.0002890800028908
2906	40	0.0002890800028908
15330	40	0.0002890800028908
218	39	0.00028185300281853
24694	39	0.00028185300281853
12156	39	0.00028185300281853
26891	39	0.00028185300281853
14228	38	0.00027462600274626
20987	38	0.00027462600274626
9101	38	0.00027462600274626
3564	37	0.00026739900267399
26306	37	0.00026739900267399
2981	37	0.00026739900267399
22386	36	0.00026017200260172003
2028	36	0.00026017200260172003
2318	36	0.00026017200260172003
18894	35	0.00025294500252945004
2118	35	0.00025294500252945004
1413	35	0.00025294500252945004
24040	35	0.00025294500252945004
27883	35	0.00025294500252945004
7301	35	0.00025294500252945004
17443	35	0.00025294500252945004
19138	35	0.00025294500252945004
30091	34	0.00024571800245718004
1355	34	0.00024571800245718004
17051	34	0.00024571800245718004
953	33	0.00023849100238491002
3869	33	0.00023849100238491002
2452	33	0.00023849100238491002
1565	32	0.00023126400231264003
8557	32	0.00023126400231264003
4994	32	0.00023126400231264003
27399	32	0.00023126400231264003
8346	32	0.00023126400231264003
17415	32	0.00023126400231264003
495	32	0.00023126400231264003
14277	31	0.00022403700224037
14699	31	0.00022403700224037
4767	31	0.00022403700224037
3480	31	0.00022403700224037
937	31	0.00022403700224037
7682	31	0.00022403700224037
1872	31	0.00022403700224037
6969	31	0.00022403700224037
5354	30	0.00021681000216810002
21975	29	0.00020958300209583002
28143	29	0.00020958300209583002
11258	29	0.00020958300209583002
3504	29	0.00020958300209583002
4904	29	0.00020958300209583002
29365	29	0.00020958300209583002
3973	29	0.00020958300209583002
593	28	0.00020235600202356003
12062	28	0.00020235600202356003
10123	28	0.00020235600202356003
27333	28	0.00020235600202356003
3769	28	0.00020235600202356003
601	28	0.00020235600202356003
8811	28	0.00020235600202356003
18055	28	0.00020235600202356003
3870	27	0.00019512900195129
25502	27	0.00019512900195129
989	27	0.00019512900195129
16112	27	0.00019512900195129
7346	27	0.00019512900195129
19824	27	0.00019512900195129
11067	27	0.00019512900195129
17994	26	0.00018790200187902002
22797	26	0.00018790200187902002
1441	26	0.00018790200187902002
11611	26	0.00018790200187902002
3802	26	0.00018790200187902002
18711	26	0.00018790200187902002
7200	26	0.00018790200187902002
19615	26	0.00018790200187902002
1892	25	0.00018067500180675002
6311	25	0.00018067500180675002
25800	25	0.00018067500180675002
3289	25	0.00018067500180675002
15704	25	0.00018067500180675002
3242	25	0.00018067500180675002
13333	25	0.00018067500180675002
6098	25	0.00018067500180675002
715	25	0.00018067500180675002
9657	24	0.00017344800173448003
7645	24	0.00017344800173448003
2633	24	0.00017344800173448003
25568	24	0.00017344800173448003
7911	24	0.00017344800173448003
13217	24	0.00017344800173448003
5457	24	0.00017344800173448003
3371	23	0.00016622100166221
8061	23	0.00016622100166221
18888	23	0.00016622100166221
10012	23	0.00016622100166221
3580	23	0.00016622100166221
7329	23	0.00016622100166221
2259	23	0.00016622100166221
20129	23	0.00016622100166221
17250	23	0.00016622100166221
5888	23	0.00016622100166221
9550	23	0.00016622100166221
1001	23	0.00016622100166221
28448	23	0.00016622100166221
9422	22	0.00015899400158994002
16962	22	0.00015899400158994002
11260	22	0.00015899400158994002
20457	22	0.00015899400158994002
10779	22	0.00015899400158994002
7723	22	0.00015899400158994002
7284	22	0.00015899400158994002
3457	22	0.00015899400158994002
25581	22	0.00015899400158994002
20003	21	0.00015176700151767002
2672	21	0.00015176700151767002
1164	21	0.00015176700151767002
4956	21	0.00015176700151767002
15749	21	0.00015176700151767002
9147	21	0.00015176700151767002
5916	21	0.00015176700151767002
9088	21	0.00015176700151767002
12892	21	0.00015176700151767002
22744	21	0.00015176700151767002
8072	21	0.00015176700151767002
12448	21	0.00015176700151767002
11220	20	0.0001445400014454
23085	20	0.0001445400014454
22623	20	0.0001445400014454
5355	20	0.0001445400014454
5760	20	0.0001445400014454
4510	20	0.0001445400014454
4434	20	0.0001445400014454
1130	20	0.0001445400014454
11097	20	0.0001445400014454
20313	19	0.00013731300137313
3962	19	0.00013731300137313
2696	19	0.00013731300137313
6231	19	0.00013731300137313
9641	19	0.00013731300137313
1518	19	0.00013731300137313
8820	19	0.00013731300137313
6679	19	0.00013731300137313
209	19	0.00013731300137313
27146	19	0.00013731300137313
15550	19	0.00013731300137313
12901	18	0.00013008600130086001
6477	18	0.00013008600130086001
560	18	0.00013008600130086001
16209	18	0.00013008600130086001
13988	18	0.00013008600130086001
28942	18	0.00013008600130086001
16784	18	0.00013008600130086001
19663	18	0.00013008600130086001
13327	18	0.00013008600130086001
22362	18	0.00013008600130086001
9412	18	0.00013008600130086001
10046	18	0.00013008600130086001
6861	17	0.00012285900122859002
12123	17	0.00012285900122859002
20059	17	0.00012285900122859002
6792	17	0.00012285900122859002
2491	17	0.00012285900122859002
24079	17	0.00012285900122859002
12608	17	0.00012285900122859002
7184	17	0.00012285900122859002
13166	17	0.00012285900122859002
1708	17	0.00012285900122859002
3438	17	0.00012285900122859002
9150	17	0.00012285900122859002
24017	17	0.00012285900122859002
26192	17	0.00012285900122859002
25558	16	0.00011563200115632001
9213	16	0.00011563200115632001
3529	16	0.00011563200115632001
9309	15	0.00010840500108405001
6277	15	0.00010840500108405001
14270	15	0.00010840500108405001
6110	15	0.00010840500108405001
26816	15	0.00010840500108405001
21888	15	0.00010840500108405001
29530	15	0.00010840500108405001
3767	15	0.00010840500108405001
23189	15	0.00010840500108405001
12803	15	0.00010840500108405001
44	15	0.00010840500108405001
2951	15	0.00010840500108405001
4133	15	0.00010840500108405001
30438	15	0.00010840500108405001
8180	14	0.00010117800101178001
10423	14	0.00010117800101178001
2465	14	0.00010117800101178001
290	14	0.00010117800101178001
12014	14	0.00010117800101178001
7919	14	0.00010117800101178001
22277	14	0.00010117800101178001
26570	14	0.00010117800101178001
9771	14	0.00010117800101178001
29113	14	0.00010117800101178001
5289	14	0.00010117800101178001
9689	14	0.00010117800101178001
11941	14	0.00010117800101178001
7949	13	9.395100093951001e-05
6241	13	9.395100093951001e-05
4304	13	9.395100093951001e-05
27894	13	9.395100093951001e-05
7897	13	9.395100093951001e-05
13208	13	9.395100093951001e-05
14979	13	9.395100093951001e-05
3019	13	9.395100093951001e-05
15489	13	9.395100093951001e-05
927	13	9.395100093951001e-05
7439	13	9.395100093951001e-05
10544	13	9.395100093951001e-05
11450	13	9.395100093951001e-05
766	13	9.395100093951001e-05
2218	13	9.395100093951001e-05
2272	13	9.395100093951001e-05
27041	13	9.395100093951001e-05
9529	13	9.395100093951001e-05
3559	12	8.672400086724001e-05
7061	12	8.672400086724001e-05
12066	12	8.672400086724001e-05
811	12	8.672400086724001e-05
11893	12	8.672400086724001e-05
1166	12	8.672400086724001e-05
1560	12	8.672400086724001e-05
29163	12	8.672400086724001e-05
20141	12	8.672400086724001e-05
22473	12	8.672400086724001e-05
4877	12	8.672400086724001e-05
1047	12	8.672400086724001e-05
23924	12	8.672400086724001e-05
27189	12	8.672400086724001e-05
969	12	8.672400086724001e-05
23254	12	8.672400086724001e-05
1873	12	8.672400086724001e-05
13106	12	8.672400086724001e-05
7241	12	8.672400086724001e-05
19991	12	8.672400086724001e-05
27299	12	8.672400086724001e-05
7281	12	8.672400086724001e-05
8655	12	8.672400086724001e-05
4911	12	8.672400086724001e-05
8563	12	8.672400086724001e-05
5153	12	8.672400086724001e-05
1442	11	7.949700079497001e-05
456	11	7.949700079497001e-05
4400	11	7.949700079497001e-05
27540	11	7.949700079497001e-05
23676	11	7.949700079497001e-05
9734	11	7.949700079497001e-05
2632	11	7.949700079497001e-05
5381	11	7.949700079497001e-05
24124	11	7.949700079497001e-05
900	11	7.949700079497001e-05
7468	11	7.949700079497001e-05
6360	11	7.949700079497001e-05
21588	11	7.949700079497001e-05
26730	11	7.949700079497001e-05
14982	11	7.949700079497001e-05
26119	11	7.949700079497001e-05
15221	11	7.949700079497001e-05
303	11	7.949700079497001e-05
8074	11	7.949700079497001e-05
15028	11	7.949700079497001e-05
24287	11	7.949700079497001e-05
25815	11	7.949700079497001e-05
27743	11	7.949700079497001e-05
1437	11	7.949700079497001e-05
8020	11	7.949700079497001e-05
4489	11	7.949700079497001e-05
15421	11	7.949700079497001e-05
22381	11	7.949700079497001e-05
21707	11	7.949700079497001e-05
6174	11	7.949700079497001e-05
5023	11	7.949700079497001e-05
4690	11	7.949700079497001e-05
9451	11	7.949700079497001e-05
17830	11	7.949700079497001e-05
5641	10	7.22700007227e-05
2650	10	7.22700007227e-05
20664	10	7.22700007227e-05
10208	10	7.22700007227e-05
1929	10	7.22700007227e-05
22177	10	7.22700007227e-05
28949	10	7.22700007227e-05
3917	10	7.22700007227e-05
26621	10	7.22700007227e-05
16125	10	7.22700007227e-05
12675	10	7.22700007227e-05
2557	10	7.22700007227e-05
5399	10	7.22700007227e-05
11973	10	7.22700007227e-05
23057	10	7.22700007227e-05
5609	10	7.22700007227e-05
28480	10	7.22700007227e-05
191	10	7.22700007227e-05
5358	10	7.22700007227e-05
10180	10	7.22700007227e-05
5617	10	7.22700007227e-05
28441	10	7.22700007227e-05
1284	10	7.22700007227e-05
21325	10	7.22700007227e-05
7807	10	7.22700007227e-05
17133	10	7.22700007227e-05
4442	10	7.22700007227e-05
8926	9	6.504300065043001e-05
17716	9	6.504300065043001e-05
2664	9	6.504300065043001e-05
10454	9	6.504300065043001e-05
29897	9	6.504300065043001e-05
13170	9	6.504300065043001e-05
5555	9	6.504300065043001e-05
5666	9	6.504300065043001e-05
7466	9	6.504300065043001e-05
5173	9	6.504300065043001e-05
21591	9	6.504300065043001e-05
13115	9	6.504300065043001e-05
28289	9	6.504300065043001e-05
3098	9	6.504300065043001e-05
24025	9	6.504300065043001e-05
19118	9	6.504300065043001e-05
19009	9	6.504300065043001e-05
12042	9	6.504300065043001e-05
12173	9	6.504300065043001e-05
7878	9	6.504300065043001e-05
4474	9	6.504300065043001e-05
20731	9	6.504300065043001e-05
21193	9	6.504300065043001e-05
24315	9	6.504300065043001e-05
6054	8	5.781600057816001e-05
6932	8	5.781600057816001e-05
92	8	5.781600057816001e-05
23176	8	5.781600057816001e-05
1876	8	5.781600057816001e-05
12098	8	5.781600057816001e-05
4203	8	5.781600057816001e-05
13109	8	5.781600057816001e-05
10049	8	5.781600057816001e-05
22489	8	5.781600057816001e-05
7249	8	5.781600057816001e-05
22695	8	5.781600057816001e-05
17233	8	5.781600057816001e-05
7571	8	5.781600057816001e-05
30378	8	5.781600057816001e-05
11814	8	5.781600057816001e-05
11869	8	5.781600057816001e-05
7790	8	5.781600057816001e-05
24809	8	5.781600057816001e-05
12447	8	5.781600057816001e-05
19272	8	5.781600057816001e-05
14830	8	5.781600057816001e-05
28568	8	5.781600057816001e-05
10563	8	5.781600057816001e-05
2542	8	5.781600057816001e-05
7767	8	5.781600057816001e-05
3670	8	5.781600057816001e-05
3960	8	5.781600057816001e-05
9855	8	5.781600057816001e-05
16833	8	5.781600057816001e-05
4996	8	5.781600057816001e-05
27478	8	5.781600057816001e-05
4259	8	5.781600057816001e-05
21048	8	5.781600057816001e-05
4700	8	5.781600057816001e-05
17727	8	5.781600057816001e-05
7978	8	5.781600057816001e-05
25926	8	5.781600057816001e-05
14418	8	5.781600057816001e-05
2867	8	5.781600057816001e-05
2868	7	5.058900050589001e-05
18499	7	5.058900050589001e-05
14877	7	5.058900050589001e-05
10341	7	5.058900050589001e-05
23781	7	5.058900050589001e-05
23413	7	5.058900050589001e-05
5257	7	5.058900050589001e-05
21480	7	5.058900050589001e-05
15760	7	5.058900050589001e-05
30684	7	5.058900050589001e-05
5028	7	5.058900050589001e-05
8548	7	5.058900050589001e-05
21788	7	5.058900050589001e-05
7131	7	5.058900050589001e-05
26979	7	5.058900050589001e-05
29528	7	5.058900050589001e-05
19832	7	5.058900050589001e-05
26852	7	5.058900050589001e-05
5145	7	5.058900050589001e-05
14264	7	5.058900050589001e-05
5309	7	5.058900050589001e-05
19436	7	5.058900050589001e-05
7875	7	5.058900050589001e-05
11449	7	5.058900050589001e-05
2705	7	5.058900050589001e-05
30032	7	5.058900050589001e-05
321	7	5.058900050589001e-05
17613	7	5.058900050589001e-05
29551	7	5.058900050589001e-05
437	7	5.058900050589001e-05
13489	7	5.058900050589001e-05
3581	7	5.058900050589001e-05
30328	7	5.058900050589001e-05
9023	7	5.058900050589001e-05
14299	7	5.058900050589001e-05
15074	7	5.058900050589001e-05
26493	7	5.058900050589001e-05
6499	7	5.058900050589001e-05
26302	6	4.336200043362001e-05
19686	6	4.336200043362001e-05
4981	6	4.336200043362001e-05
11163	6	4.336200043362001e-05
12050	6	4.336200043362001e-05
7975	6	4.336200043362001e-05
15436	6	4.336200043362001e-05
3631	6	4.336200043362001e-05
2968	6	4.336200043362001e-05
4576	6	4.336200043362001e-05
5366	6	4.336200043362001e-05
3575	6	4.336200043362001e-05
14649	6	4.336200043362001e-05
28494	6	4.336200043362001e-05
21499	6	4.336200043362001e-05
14490	6	4.336200043362001e-05
14983	6	4.336200043362001e-05
5926	6	4.336200043362001e-05
15735	6	4.336200043362001e-05
13521	6	4.336200043362001e-05
19358	6	4.336200043362001e-05
23504	6	4.336200043362001e-05
12723	6	4.336200043362001e-05
25010	6	4.336200043362001e-05
4212	6	4.336200043362001e-05
20809	6	4.336200043362001e-05
19993	6	4.336200043362001e-05
26793	6	4.336200043362001e-05
18647	6	4.336200043362001e-05
2652	6	4.336200043362001e-05
22364	6	4.336200043362001e-05
3739	6	4.336200043362001e-05
2948	6	4.336200043362001e-05
24203	6	4.336200043362001e-05
16612	6	4.336200043362001e-05
7360	6	4.336200043362001e-05
16849	6	4.336200043362001e-05
13494	6	4.336200043362001e-05
25729	6	4.336200043362001e-05
19044	6	4.336200043362001e-05
13463	6	4.336200043362001e-05
95	6	4.336200043362001e-05
2726	6	4.336200043362001e-05
5010	6	4.336200043362001e-05
2316	6	4.336200043362001e-05
29758	6	4.336200043362001e-05
8908	6	4.336200043362001e-05
233	6	4.336200043362001e-05
11079	6	4.336200043362001e-05
11018	6	4.336200043362001e-05
22515	6	4.336200043362001e-05
15761	6	4.336200043362001e-05
22548	6	4.336200043362001e-05
10262	6	4.336200043362001e-05
19878	6	4.336200043362001e-05
3159	6	4.336200043362001e-05
3033	5	3.613500036135e-05
11910	5	3.613500036135e-05
18838	5	3.613500036135e-05
4552	5	3.613500036135e-05
18522	5	3.613500036135e-05
29881	5	3.613500036135e-05
24012	5	3.613500036135e-05
10712	5	3.613500036135e-05
22349	5	3.613500036135e-05
11665	5	3.613500036135e-05
7823	5	3.613500036135e-05
18682	5	3.613500036135e-05
24094	5	3.613500036135e-05
13994	5	3.613500036135e-05
11246	5	3.613500036135e-05
23893	5	3.613500036135e-05
20207	5	3.613500036135e-05
18908	5	3.613500036135e-05
1426	5	3.613500036135e-05
11274	5	3.613500036135e-05
25701	5	3.613500036135e-05
4888	5	3.613500036135e-05
25747	5	3.613500036135e-05
22754	5	3.613500036135e-05
447	5	3.613500036135e-05
1580	5	3.613500036135e-05
3990	5	3.613500036135e-05
10523	5	3.613500036135e-05
13821	5	3.613500036135e-05
3001	5	3.613500036135e-05
11605	5	3.613500036135e-05
17333	5	3.613500036135e-05
9263	5	3.613500036135e-05
17325	5	3.613500036135e-05
9403	5	3.613500036135e-05
11902	5	3.613500036135e-05
6128	5	3.613500036135e-05
15311	5	3.613500036135e-05
14389	5	3.613500036135e-05
503	5	3.613500036135e-05
12203	5	3.613500036135e-05
26529	5	3.613500036135e-05
240	5	3.613500036135e-05
27108	5	3.613500036135e-05
2213	5	3.613500036135e-05
10329	5	3.613500036135e-05
9685	5	3.613500036135e-05
19787	5	3.613500036135e-05
5733	5	3.613500036135e-05
13404	5	3.613500036135e-05
3747	5	3.613500036135e-05
6112	5	3.613500036135e-05
9900	5	3.613500036135e-05
3228	5	3.613500036135e-05
10820	5	3.613500036135e-05
3948	5	3.613500036135e-05
10782	5	3.613500036135e-05
654	5	3.613500036135e-05
18249	5	3.613500036135e-05
30325	5	3.613500036135e-05
21452	5	3.613500036135e-05
3450	5	3.613500036135e-05
9361	5	3.613500036135e-05
5983	5	3.613500036135e-05
3491	5	3.613500036135e-05
5459	5	3.613500036135e-05
8561	5	3.613500036135e-05
10314	5	3.613500036135e-05
8021	5	3.613500036135e-05
10025	5	3.613500036135e-05
10629	5	3.613500036135e-05
26384	5	3.613500036135e-05
9573	5	3.613500036135e-05
29414	5	3.613500036135e-05
10961	5	3.613500036135e-05
22526	5	3.613500036135e-05
12996	5	3.613500036135e-05
26232	4	2.8908000289080004e-05
10345	4	2.8908000289080004e-05
15807	4	2.8908000289080004e-05
13566	4	2.8908000289080004e-05
14996	4	2.8908000289080004e-05
13077	4	2.8908000289080004e-05
25230	4	2.8908000289080004e-05
24438	4	2.8908000289080004e-05
21232	4	2.8908000289080004e-05
2643	4	2.8908000289080004e-05
17227	4	2.8908000289080004e-05
4190	4	2.8908000289080004e-05
2407	4	2.8908000289080004e-05
8110	4	2.8908000289080004e-05
11810	4	2.8908000289080004e-05
8469	4	2.8908000289080004e-05
17222	4	2.8908000289080004e-05
10530	4	2.8908000289080004e-05
1869	4	2.8908000289080004e-05
15682	4	2.8908000289080004e-05
19024	4	2.8908000289080004e-05
29708	4	2.8908000289080004e-05
714	4	2.8908000289080004e-05
8261	4	2.8908000289080004e-05
23092	4	2.8908000289080004e-05
6866	4	2.8908000289080004e-05
23765	4	2.8908000289080004e-05
14973	4	2.8908000289080004e-05
5140	4	2.8908000289080004e-05
18829	4	2.8908000289080004e-05
24075	4	2.8908000289080004e-05
6126	4	2.8908000289080004e-05
8715	4	2.8908000289080004e-05
3172	4	2.8908000289080004e-05
6306	4	2.8908000289080004e-05
13348	4	2.8908000289080004e-05
18289	4	2.8908000289080004e-05
3498	4	2.8908000289080004e-05
30331	4	2.8908000289080004e-05
11138	4	2.8908000289080004e-05
2044	4	2.8908000289080004e-05
26394	4	2.8908000289080004e-05
2001	4	2.8908000289080004e-05
21656	4	2.8908000289080004e-05
2821	4	2.8908000289080004e-05
3158	4	2.8908000289080004e-05
3318	4	2.8908000289080004e-05
24763	4	2.8908000289080004e-05
22735	4	2.8908000289080004e-05
11303	4	2.8908000289080004e-05
26418	4	2.8908000289080004e-05
23156	4	2.8908000289080004e-05
4452	4	2.8908000289080004e-05
716	4	2.8908000289080004e-05
30184	4	2.8908000289080004e-05
5815	4	2.8908000289080004e-05
24641	4	2.8908000289080004e-05
12384	4	2.8908000289080004e-05
11892	4	2.8908000289080004e-05
22307	4	2.8908000289080004e-05
26060	4	2.8908000289080004e-05
2505	4	2.8908000289080004e-05
19301	4	2.8908000289080004e-05
14025	4	2.8908000289080004e-05
23038	4	2.8908000289080004e-05
5154	4	2.8908000289080004e-05
5753	4	2.8908000289080004e-05
15744	4	2.8908000289080004e-05
10100	4	2.8908000289080004e-05
24667	4	2.8908000289080004e-05
22938	4	2.8908000289080004e-05
508	4	2.8908000289080004e-05
13446	4	2.8908000289080004e-05
12198	4	2.8908000289080004e-05
4612	4	2.8908000289080004e-05
20923	4	2.8908000289080004e-05
18060	4	2.8908000289080004e-05
22800	4	2.8908000289080004e-05
1205	4	2.8908000289080004e-05
3378	4	2.8908000289080004e-05
7939	4	2.8908000289080004e-05
12260	4	2.8908000289080004e-05
27904	4	2.8908000289080004e-05
25833	4	2.8908000289080004e-05
24747	4	2.8908000289080004e-05
12767	4	2.8908000289080004e-05
3830	4	2.8908000289080004e-05
13308	4	2.8908000289080004e-05
15548	4	2.8908000289080004e-05
23449	4	2.8908000289080004e-05
20633	4	2.8908000289080004e-05
30047	4	2.8908000289080004e-05
17604	4	2.8908000289080004e-05
11745	4	2.8908000289080004e-05
5276	4	2.8908000289080004e-05
8476	4	2.8908000289080004e-05
16624	4	2.8908000289080004e-05
26847	3	2.1681000216810004e-05
10798	3	2.1681000216810004e-05
20686	3	2.1681000216810004e-05
2151	3	2.1681000216810004e-05
20213	3	2.1681000216810004e-05
2356	3	2.1681000216810004e-05
13473	3	2.1681000216810004e-05
14981	3	2.1681000216810004e-05
19590	3	2.1681000216810004e-05
4130	3	2.1681000216810004e-05
6800	3	2.1681000216810004e-05
1508	3	2.1681000216810004e-05
3393	3	2.1681000216810004e-05
1512	3	2.1681000216810004e-05
25495	3	2.1681000216810004e-05
7415	3	2.1681000216810004e-05
3886	3	2.1681000216810004e-05
19439	3	2.1681000216810004e-05
10268	3	2.1681000216810004e-05
6342	3	2.1681000216810004e-05
21175	3	2.1681000216810004e-05
6266	3	2.1681000216810004e-05
12243	3	2.1681000216810004e-05
19509	3	2.1681000216810004e-05
4681	3	2.1681000216810004e-05
15293	3	2.1681000216810004e-05
6676	3	2.1681000216810004e-05
5151	3	2.1681000216810004e-05
10298	3	2.1681000216810004e-05
10412	3	2.1681000216810004e-05
30342	3	2.1681000216810004e-05
2330	3	2.1681000216810004e-05
6501	3	2.1681000216810004e-05
7605	3	2.1681000216810004e-05
2508	3	2.1681000216810004e-05
2283	3	2.1681000216810004e-05
17634	3	2.1681000216810004e-05
20981	3	2.1681000216810004e-05
10242	3	2.1681000216810004e-05
315	3	2.1681000216810004e-05
322	3	2.1681000216810004e-05
10908	3	2.1681000216810004e-05
5212	3	2.1681000216810004e-05
23975	3	2.1681000216810004e-05
11550	3	2.1681000216810004e-05
28375	3	2.1681000216810004e-05
2365	3	2.1681000216810004e-05
28200	3	2.1681000216810004e-05
5663	3	2.1681000216810004e-05
2122	3	2.1681000216810004e-05
11104	3	2.1681000216810004e-05
2791	3	2.1681000216810004e-05
18963	3	2.1681000216810004e-05
11557	3	2.1681000216810004e-05
574	3	2.1681000216810004e-05
11318	3	2.1681000216810004e-05
20764	3	2.1681000216810004e-05
12655	3	2.1681000216810004e-05
28596	3	2.1681000216810004e-05
18137	3	2.1681000216810004e-05
13640	3	2.1681000216810004e-05
2049	3	2.1681000216810004e-05
29064	3	2.1681000216810004e-05
26659	3	2.1681000216810004e-05
246	3	2.1681000216810004e-05
3008	3	2.1681000216810004e-05
23172	3	2.1681000216810004e-05
3647	3	2.1681000216810004e-05
13783	3	2.1681000216810004e-05
10253	3	2.1681000216810004e-05
2182	3	2.1681000216810004e-05
6794	3	2.1681000216810004e-05
28350	3	2.1681000216810004e-05
6154	3	2.1681000216810004e-05
6757	3	2.1681000216810004e-05
1920	3	2.1681000216810004e-05
16084	3	2.1681000216810004e-05
5521	3	2.1681000216810004e-05
29577	3	2.1681000216810004e-05
7908	3	2.1681000216810004e-05
2207	3	2.1681000216810004e-05
23701	3	2.1681000216810004e-05
24116	3	2.1681000216810004e-05
14463	3	2.1681000216810004e-05
7114	3	2.1681000216810004e-05
13672	3	2.1681000216810004e-05
13935	3	2.1681000216810004e-05
23633	3	2.1681000216810004e-05
13191	3	2.1681000216810004e-05
5079	3	2.1681000216810004e-05
22134	3	2.1681000216810004e-05
30362	3	2.1681000216810004e-05
24548	3	2.1681000216810004e-05
7968	3	2.1681000216810004e-05
3829	3	2.1681000216810004e-05
29038	3	2.1681000216810004e-05
12971	3	2.1681000216810004e-05
17577	3	2.1681000216810004e-05
4505	3	2.1681000216810004e-05
1568	3	2.1681000216810004e-05
8959	3	2.1681000216810004e-05
12927	3	2.1681000216810004e-05
392	3	2.1681000216810004e-05
7774	3	2.1681000216810004e-05
11140	3	2.1681000216810004e-05
1523	3	2.1681000216810004e-05
1997	3	2.1681000216810004e-05
15004	3	2.1681000216810004e-05
10777	3	2.1681000216810004e-05
12251	3	2.1681000216810004e-05
21071	3	2.1681000216810004e-05
5817	3	2.1681000216810004e-05
243	3	2.1681000216810004e-05
17278	3	2.1681000216810004e-05
6088	3	2.1681000216810004e-05
9052	3	2.1681000216810004e-05
921	3	2.1681000216810004e-05
28618	3	2.1681000216810004e-05
518	3	2.1681000216810004e-05
2686	3	2.1681000216810004e-05
5834	3	2.1681000216810004e-05
21528	3	2.1681000216810004e-05
2107	3	2.1681000216810004e-05
10896	3	2.1681000216810004e-05
3573	3	2.1681000216810004e-05
1768	3	2.1681000216810004e-05
3819	3	2.1681000216810004e-05
24190	3	2.1681000216810004e-05
29986	3	2.1681000216810004e-05
18093	3	2.1681000216810004e-05
3494	3	2.1681000216810004e-05
13224	3	2.1681000216810004e-05
9847	3	2.1681000216810004e-05
15536	3	2.1681000216810004e-05
17851	3	2.1681000216810004e-05
30519	3	2.1681000216810004e-05
9230	3	2.1681000216810004e-05
1986	3	2.1681000216810004e-05
2964	3	2.1681000216810004e-05
5842	3	2.1681000216810004e-05
6787	3	2.1681000216810004e-05
2471	3	2.1681000216810004e-05
24656	3	2.1681000216810004e-05
22183	3	2.1681000216810004e-05
16041	3	2.1681000216810004e-05
26187	2	1.4454000144540002e-05
10236	2	1.4454000144540002e-05
22501	2	1.4454000144540002e-05
18130	2	1.4454000144540002e-05
20929	2	1.4454000144540002e-05
22906	2	1.4454000144540002e-05
687	2	1.4454000144540002e-05
4128	2	1.4454000144540002e-05
28880	2	1.4454000144540002e-05
3567	2	1.4454000144540002e-05
9486	2	1.4454000144540002e-05
8475	2	1.4454000144540002e-05
2216	2	1.4454000144540002e-05
25689	2	1.4454000144540002e-05
4479	2	1.4454000144540002e-05
22704	2	1.4454000144540002e-05
3657	2	1.4454000144540002e-05
6367	2	1.4454000144540002e-05
18363	2	1.4454000144540002e-05
3534	2	1.4454000144540002e-05
5456	2	1.4454000144540002e-05
2405	2	1.4454000144540002e-05
15824	2	1.4454000144540002e-05
17144	2	1.4454000144540002e-05
660	2	1.4454000144540002e-05
30075	2	1.4454000144540002e-05
8534	2	1.4454000144540002e-05
25877	2	1.4454000144540002e-05
2722	2	1.4454000144540002e-05
23333	2	1.4454000144540002e-05
2114	2	1.4454000144540002e-05
3916	2	1.4454000144540002e-05
2295	2	1.4454000144540002e-05
22920	2	1.4454000144540002e-05
10713	2	1.4454000144540002e-05
29611	2	1.4454000144540002e-05
5561	2	1.4454000144540002e-05
2476	2	1.4454000144540002e-05
21791	2	1.4454000144540002e-05
4894	2	1.4454000144540002e-05
10277	2	1.4454000144540002e-05
28669	2	1.4454000144540002e-05
439	2	1.4454000144540002e-05
19201	2	1.4454000144540002e-05
19569	2	1.4454000144540002e-05
1935	2	1.4454000144540002e-05
4365	2	1.4454000144540002e-05
14065	2	1.4454000144540002e-05
1937	2	1.4454000144540002e-05
15539	2	1.4454000144540002e-05
10404	2	1.4454000144540002e-05
20370	2	1.4454000144540002e-05
5458	2	1.4454000144540002e-05
16754	2	1.4454000144540002e-05
406	2	1.4454000144540002e-05
17969	2	1.4454000144540002e-05
4419	2	1.4454000144540002e-05
17003	2	1.4454000144540002e-05
317	2	1.4454000144540002e-05
16516	2	1.4454000144540002e-05
27377	2	1.4454000144540002e-05
8950	2	1.4454000144540002e-05
15264	2	1.4454000144540002e-05
4027	2	1.4454000144540002e-05
16751	2	1.4454000144540002e-05
4557	2	1.4454000144540002e-05
4045	2	1.4454000144540002e-05
25647	2	1.4454000144540002e-05
1450	2	1.4454000144540002e-05
25762	2	1.4454000144540002e-05
3259	2	1.4454000144540002e-05
11100	2	1.4454000144540002e-05
18017	2	1.4454000144540002e-05
18772	2	1.4454000144540002e-05
24168	2	1.4454000144540002e-05
30674	2	1.4454000144540002e-05
26561	2	1.4454000144540002e-05
21322	2	1.4454000144540002e-05
22914	2	1.4454000144540002e-05
14542	2	1.4454000144540002e-05
19212	2	1.4454000144540002e-05
21396	2	1.4454000144540002e-05
177	2	1.4454000144540002e-05
5168	2	1.4454000144540002e-05
20046	2	1.4454000144540002e-05
13484	2	1.4454000144540002e-05
24070	2	1.4454000144540002e-05
14669	2	1.4454000144540002e-05
1592	2	1.4454000144540002e-05
4338	2	1.4454000144540002e-05
24150	2	1.4454000144540002e-05
26548	2	1.4454000144540002e-05
5530	2	1.4454000144540002e-05
221	2	1.4454000144540002e-05
7272	2	1.4454000144540002e-05
12094	2	1.4454000144540002e-05
5715	2	1.4454000144540002e-05
16007	2	1.4454000144540002e-05
23602	2	1.4454000144540002e-05
13941	2	1.4454000144540002e-05
18699	2	1.4454000144540002e-05
7262	2	1.4454000144540002e-05
863	2	1.4454000144540002e-05
2960	2	1.4454000144540002e-05
2670	2	1.4454000144540002e-05
7060	2	1.4454000144540002e-05
4514	2	1.4454000144540002e-05
2003	2	1.4454000144540002e-05
7656	2	1.4454000144540002e-05
17895	2	1.4454000144540002e-05
27429	2	1.4454000144540002e-05
21689	2	1.4454000144540002e-05
3735	2	1.4454000144540002e-05
10704	2	1.4454000144540002e-05
3038	2	1.4454000144540002e-05
11689	2	1.4454000144540002e-05
9920	2	1.4454000144540002e-05
18979	2	1.4454000144540002e-05
4449	2	1.4454000144540002e-05
21063	2	1.4454000144540002e-05
14775	2	1.4454000144540002e-05
1369	2	1.4454000144540002e-05
2974	2	1.4454000144540002e-05
1544	2	1.4454000144540002e-05
17749	2	1.4454000144540002e-05
29229	2	1.4454000144540002e-05
29059	2	1.4454000144540002e-05
8104	2	1.4454000144540002e-05
25974	2	1.4454000144540002e-05
27517	2	1.4454000144540002e-05
5996	2	1.4454000144540002e-05
28898	2	1.4454000144540002e-05
1237	2	1.4454000144540002e-05
6503	2	1.4454000144540002e-05
10124	2	1.4454000144540002e-05
21728	2	1.4454000144540002e-05
13930	2	1.4454000144540002e-05
954	2	1.4454000144540002e-05
3116	2	1.4454000144540002e-05
12443	2	1.4454000144540002e-05
24485	2	1.4454000144540002e-05
1223	2	1.4454000144540002e-05
2348	2	1.4454000144540002e-05
24938	2	1.4454000144540002e-05
6136	2	1.4454000144540002e-05
5813	2	1.4454000144540002e-05
16415	2	1.4454000144540002e-05
17147	2	1.4454000144540002e-05
2138	2	1.4454000144540002e-05
14998	2	1.4454000144540002e-05
18222	2	1.4454000144540002e-05
19873	2	1.4454000144540002e-05
11202	2	1.4454000144540002e-05
17411	2	1.4454000144540002e-05
5856	2	1.4454000144540002e-05
17731	2	1.4454000144540002e-05
27485	2	1.4454000144540002e-05
2928	2	1.4454000144540002e-05
6549	2	1.4454000144540002e-05
16445	2	1.4454000144540002e-05
29827	2	1.4454000144540002e-05
120	2	1.4454000144540002e-05
2846	2	1.4454000144540002e-05
25912	2	1.4454000144540002e-05
4940	2	1.4454000144540002e-05
7417	2	1.4454000144540002e-05
12300	2	1.4454000144540002e-05
619	2	1.4454000144540002e-05
3142	2	1.4454000144540002e-05
4760	2	1.4454000144540002e-05
17918	2	1.4454000144540002e-05
803	2	1.4454000144540002e-05
4465	2	1.4454000144540002e-05
6425	2	1.4454000144540002e-05
26472	2	1.4454000144540002e-05
15841	2	1.4454000144540002e-05
15804	2	1.4454000144540002e-05
17469	2	1.4454000144540002e-05
2882	2	1.4454000144540002e-05
5982	2	1.4454000144540002e-05
2141	2	1.4454000144540002e-05
27636	2	1.4454000144540002e-05
8526	2	1.4454000144540002e-05
2243	2	1.4454000144540002e-05
11531	2	1.4454000144540002e-05
26191	2	1.4454000144540002e-05
5157	2	1.4454000144540002e-05
24131	2	1.4454000144540002e-05
6053	2	1.4454000144540002e-05
26444	2	1.4454000144540002e-05
20599	2	1.4454000144540002e-05
3244	2	1.4454000144540002e-05
2440	2	1.4454000144540002e-05
4842	2	1.4454000144540002e-05
20720	2	1.4454000144540002e-05
4573	2	1.4454000144540002e-05
12769	2	1.4454000144540002e-05
7662	2	1.4454000144540002e-05
21315	2	1.4454000144540002e-05
1360	2	1.4454000144540002e-05
3965	2	1.4454000144540002e-05
25208	2	1.4454000144540002e-05
15619	2	1.4454000144540002e-05
9373	2	1.4454000144540002e-05
11305	2	1.4454000144540002e-05
1678	2	1.4454000144540002e-05
11217	2	1.4454000144540002e-05
8910	2	1.4454000144540002e-05
19410	2	1.4454000144540002e-05
28336	2	1.4454000144540002e-05
9540	2	1.4454000144540002e-05
249	2	1.4454000144540002e-05
7199	2	1.4454000144540002e-05
665	2	1.4454000144540002e-05
2940	2	1.4454000144540002e-05
13080	2	1.4454000144540002e-05
28479	2	1.4454000144540002e-05
5686	2	1.4454000144540002e-05
10811	2	1.4454000144540002e-05
7837	2	1.4454000144540002e-05
23963	2	1.4454000144540002e-05
16114	2	1.4454000144540002e-05
8654	2	1.4454000144540002e-05
14975	2	1.4454000144540002e-05
13547	2	1.4454000144540002e-05
9622	2	1.4454000144540002e-05
21529	2	1.4454000144540002e-05
420	2	1.4454000144540002e-05
8199	2	1.4454000144540002e-05
973	2	1.4454000144540002e-05
1645	2	1.4454000144540002e-05
24423	2	1.4454000144540002e-05
2741	2	1.4454000144540002e-05
4738	2	1.4454000144540002e-05
869	2	1.4454000144540002e-05
2702	2	1.4454000144540002e-05
3909	2	1.4454000144540002e-05
28072	2	1.4454000144540002e-05
14538	2	1.4454000144540002e-05
19252	2	1.4454000144540002e-05
1829	2	1.4454000144540002e-05
2166	2	1.4454000144540002e-05
26724	2	1.4454000144540002e-05
14326	2	1.4454000144540002e-05
963	2	1.4454000144540002e-05
18328	2	1.4454000144540002e-05
14866	2	1.4454000144540002e-05
7627	2	1.4454000144540002e-05
18892	2	1.4454000144540002e-05
13564	2	1.4454000144540002e-05
16398	2	1.4454000144540002e-05
12946	2	1.4454000144540002e-05
17458	2	1.4454000144540002e-05
27405	2	1.4454000144540002e-05
27086	2	1.4454000144540002e-05
13931	2	1.4454000144540002e-05
1012	2	1.4454000144540002e-05
162	2	1.4454000144540002e-05
7095	2	1.4454000144540002e-05
5793	2	1.4454000144540002e-05
29648	1	7.227000072270001e-06
8916	1	7.227000072270001e-06
9984	1	7.227000072270001e-06
405	1	7.227000072270001e-06
19296	1	7.227000072270001e-06
5248	1	7.227000072270001e-06
690	1	7.227000072270001e-06
14741	1	7.227000072270001e-06
2013	1	7.227000072270001e-06
8319	1	7.227000072270001e-06
413	1	7.227000072270001e-06
19977	1	7.227000072270001e-06
19010	1	7.227000072270001e-06
525	1	7.227000072270001e-06
2734	1	7.227000072270001e-06
13044	1	7.227000072270001e-06
20972	1	7.227000072270001e-06
16767	1	7.227000072270001e-06
14697	1	7.227000072270001e-06
19782	1	7.227000072270001e-06
8906	1	7.227000072270001e-06
27697	1	7.227000072270001e-06
16880	1	7.227000072270001e-06
6379	1	7.227000072270001e-06
7264	1	7.227000072270001e-06
6598	1	7.227000072270001e-06
13490	1	7.227000072270001e-06
16581	1	7.227000072270001e-06
23376	1	7.227000072270001e-06
3307	1	7.227000072270001e-06
22432	1	7.227000072270001e-06
29905	1	7.227000072270001e-06
1885	1	7.227000072270001e-06
6611	1	7.227000072270001e-06
13128	1	7.227000072270001e-06
13218	1	7.227000072270001e-06
2153	1	7.227000072270001e-06
8019	1	7.227000072270001e-06
17813	1	7.227000072270001e-06
21086	1	7.227000072270001e-06
19955	1	7.227000072270001e-06
9676	1	7.227000072270001e-06
1822	1	7.227000072270001e-06
16164	1	7.227000072270001e-06
1238	1	7.227000072270001e-06
17483	1	7.227000072270001e-06
22890	1	7.227000072270001e-06
28068	1	7.227000072270001e-06
1795	1	7.227000072270001e-06
14028	1	7.227000072270001e-06
112	1	7.227000072270001e-06
27845	1	7.227000072270001e-06
17654	1	7.227000072270001e-06
7478	1	7.227000072270001e-06
22201	1	7.227000072270001e-06
15227	1	7.227000072270001e-06
19190	1	7.227000072270001e-06
7694	1	7.227000072270001e-06
5844	1	7.227000072270001e-06
5910	1	7.227000072270001e-06
6459	1	7.227000072270001e-06
29488	1	7.227000072270001e-06
2176	1	7.227000072270001e-06
5964	1	7.227000072270001e-06
9275	1	7.227000072270001e-06
17808	1	7.227000072270001e-06
820	1	7.227000072270001e-06
372	1	7.227000072270001e-06
21387	1	7.227000072270001e-06
29360	1	7.227000072270001e-06
7782	1	7.227000072270001e-06
20827	1	7.227000072270001e-06
2535	1	7.227000072270001e-06
28847	1	7.227000072270001e-06
6854	1	7.227000072270001e-06
26953	1	7.227000072270001e-06
3684	1	7.227000072270001e-06
18940	1	7.227000072270001e-06
1316	1	7.227000072270001e-06
22232	1	7.227000072270001e-06
285	1	7.227000072270001e-06
8613	1	7.227000072270001e-06
13280	1	7.227000072270001e-06
3557	1	7.227000072270001e-06
19445	1	7.227000072270001e-06
15658	1	7.227000072270001e-06
12303	1	7.227000072270001e-06
3474	1	7.227000072270001e-06
5774	1	7.227000072270001e-06
21976	1	7.227000072270001e-06
11333	1	7.227000072270001e-06
10420	1	7.227000072270001e-06
26476	1	7.227000072270001e-06
11110	1	7.227000072270001e-06
2307	1	7.227000072270001e-06
22940	1	7.227000072270001e-06
582	1	7.227000072270001e-06
1390	1	7.227000072270001e-06
15555	1	7.227000072270001e-06
20190	1	7.227000072270001e-06
9620	1	7.227000072270001e-06
812	1	7.227000072270001e-06
5269	1	7.227000072270001e-06
27814	1	7.227000072270001e-06
10564	1	7.227000072270001e-06
2717	1	7.227000072270001e-06
14009	1	7.227000072270001e-06
5210	1	7.227000072270001e-06
10398	1	7.227000072270001e-06
16302	1	7.227000072270001e-06
11939	1	7.227000072270001e-06
13443	1	7.227000072270001e-06
21639	1	7.227000072270001e-06
25318	1	7.227000072270001e-06
1803	1	7.227000072270001e-06
8979	1	7.227000072270001e-06
4013	1	7.227000072270001e-06
22758	1	7.227000072270001e-06
2861	1	7.227000072270001e-06
15501	1	7.227000072270001e-06
29763	1	7.227000072270001e-06
3788	1	7.227000072270001e-06
12399	1	7.227000072270001e-06
77	1	7.227000072270001e-06
25468	1	7.227000072270001e-06
1022	1	7.227000072270001e-06
6394	1	7.227000072270001e-06
22981	1	7.227000072270001e-06
12802	1	7.227000072270001e-06
14779	1	7.227000072270001e-06
19510	1	7.227000072270001e-06
24909	1	7.227000072270001e-06
5124	1	7.227000072270001e-06
18783	1	7.227000072270001e-06
22315	1	7.227000072270001e-06
2515	1	7.227000072270001e-06
20729	1	7.227000072270001e-06
14089	1	7.227000072270001e-06
617	1	7.227000072270001e-06
5518	1	7.227000072270001e-06
2079	1	7.227000072270001e-06
9389	1	7.227000072270001e-06
25867	1	7.227000072270001e-06
15450	1	7.227000072270001e-06
11620	1	7.227000072270001e-06
7490	1	7.227000072270001e-06
795	1	7.227000072270001e-06
21304	1	7.227000072270001e-06
12209	1	7.227000072270001e-06
3776	1	7.227000072270001e-06
873	1	7.227000072270001e-06
17967	1	7.227000072270001e-06
12247	1	7.227000072270001e-06
739	1	7.227000072270001e-06
10226	1	7.227000072270001e-06
24738	1	7.227000072270001e-06
1385	1	7.227000072270001e-06
4075	1	7.227000072270001e-06
20211	1	7.227000072270001e-06
10068	1	7.227000072270001e-06
13256	1	7.227000072270001e-06
1906	1	7.227000072270001e-06
13775	1	7.227000072270001e-06
23320	1	7.227000072270001e-06
23332	1	7.227000072270001e-06
13306	1	7.227000072270001e-06
14352	1	7.227000072270001e-06
19164	1	7.227000072270001e-06
7649	1	7.227000072270001e-06
12068	1	7.227000072270001e-06
1276	1	7.227000072270001e-06
720	1	7.227000072270001e-06
17521	1	7.227000072270001e-06
5069	1	7.227000072270001e-06
25186	1	7.227000072270001e-06
4602	1	7.227000072270001e-06
19642	1	7.227000072270001e-06
15241	1	7.227000072270001e-06
8854	1	7.227000072270001e-06
8632	1	7.227000072270001e-06
8659	1	7.227000072270001e-06
2522	1	7.227000072270001e-06
8853	1	7.227000072270001e-06
4991	1	7.227000072270001e-06
11471	1	7.227000072270001e-06
18203	1	7.227000072270001e-06
16369	1	7.227000072270001e-06
22269	1	7.227000072270001e-06
9527	1	7.227000072270001e-06
4866	1	7.227000072270001e-06
3396	1	7.227000072270001e-06
11384	1	7.227000072270001e-06
10379	1	7.227000072270001e-06
9307	1	7.227000072270001e-06
29134	1	7.227000072270001e-06
3204	1	7.227000072270001e-06
17169	1	7.227000072270001e-06
2526	1	7.227000072270001e-06
9058	1	7.227000072270001e-06
15471	1	7.227000072270001e-06
3473	1	7.227000072270001e-06
1739	1	7.227000072270001e-06
27957	1	7.227000072270001e-06
966	1	7.227000072270001e-06
14672	1	7.227000072270001e-06
24660	1	7.227000072270001e-06
13479	1	7.227000072270001e-06
55	1	7.227000072270001e-06
2659	1	7.227000072270001e-06
23106	1	7.227000072270001e-06
1065	1	7.227000072270001e-06
15290	1	7.227000072270001e-06
9575	1	7.227000072270001e-06
25872	1	7.227000072270001e-06
126	1	7.227000072270001e-06
6232	1	7.227000072270001e-06
5681	1	7.227000072270001e-06
30011	1	7.227000072270001e-06
2073	1	7.227000072270001e-06
692	1	7.227000072270001e-06
17488	1	7.227000072270001e-06
6023	1	7.227000072270001e-06
20605	1	7.227000072270001e-06
9336	1	7.227000072270001e-06
11505	1	7.227000072270001e-06
6827	1	7.227000072270001e-06
182	1	7.227000072270001e-06
20793	1	7.227000072270001e-06
19083	1	7.227000072270001e-06
9367	1	7.227000072270001e-06
9905	1	7.227000072270001e-06
10675	1	7.227000072270001e-06
1790	1	7.227000072270001e-06
5438	1	7.227000072270001e-06
29464	1	7.227000072270001e-06
26311	1	7.227000072270001e-06
23383	1	7.227000072270001e-06
2993	1	7.227000072270001e-06
8357	1	7.227000072270001e-06
268	1	7.227000072270001e-06
1537	1	7.227000072270001e-06
1840	1	7.227000072270001e-06
2406	1	7.227000072270001e-06
16180	1	7.227000072270001e-06
18671	1	7.227000072270001e-06
14984	1	7.227000072270001e-06
8102	1	7.227000072270001e-06
27009	1	7.227000072270001e-06
1933	1	7.227000072270001e-06
29814	1	7.227000072270001e-06
27820	1	7.227000072270001e-06
17007	1	7.227000072270001e-06
15937	1	7.227000072270001e-06
6129	1	7.227000072270001e-06
9842	1	7.227000072270001e-06
7956	1	7.227000072270001e-06
1363	1	7.227000072270001e-06
27686	1	7.227000072270001e-06
1361	1	7.227000072270001e-06
10917	1	7.227000072270001e-06
23698	1	7.227000072270001e-06
13921	1	7.227000072270001e-06
1396	1	7.227000072270001e-06
14376	1	7.227000072270001e-06
12366	1	7.227000072270001e-06
23918	1	7.227000072270001e-06
10034	1	7.227000072270001e-06
2965	1	7.227000072270001e-06
3409	1	7.227000072270001e-06
4862	1	7.227000072270001e-06
11342	1	7.227000072270001e-06
28751	1	7.227000072270001e-06
4238	1	7.227000072270001e-06
10669	1	7.227000072270001e-06
13519	1	7.227000072270001e-06
11129	1	7.227000072270001e-06
3571	1	7.227000072270001e-06
4654	1	7.227000072270001e-06
20135	1	7.227000072270001e-06
10439	1	7.227000072270001e-06
16822	1	7.227000072270001e-06
4593	1	7.227000072270001e-06
6976	1	7.227000072270001e-06
18510	1	7.227000072270001e-06
11542	1	7.227000072270001e-06
1924	1	7.227000072270001e-06
1751	1	7.227000072270001e-06
3868	1	7.227000072270001e-06
7130	1	7.227000072270001e-06
11325	1	7.227000072270001e-06
1497	1	7.227000072270001e-06
9068	1	7.227000072270001e-06
28795	1	7.227000072270001e-06
1035	1	7.227000072270001e-06
29202	1	7.227000072270001e-06
12652	1	7.227000072270001e-06
5878	1	7.227000072270001e-06
10821	1	7.227000072270001e-06
11731	1	7.227000072270001e-06
9366	1	7.227000072270001e-06
1343	1	7.227000072270001e-06
10203	1	7.227000072270001e-06
20485	1	7.227000072270001e-06
22470	1	7.227000072270001e-06
3448	1	7.227000072270001e-06
14694	1	7.227000072270001e-06
9161	1	7.227000072270001e-06
17878	1	7.227000072270001e-06
10702	1	7.227000072270001e-06
7618	1	7.227000072270001e-06
15155	1	7.227000072270001e-06
18467	1	7.227000072270001e-06
4751	1	7.227000072270001e-06
340	1	7.227000072270001e-06
24527	1	7.227000072270001e-06
23093	1	7.227000072270001e-06
9442	1	7.227000072270001e-06
18996	1	7.227000072270001e-06
9037	1	7.227000072270001e-06
7505	1	7.227000072270001e-06
2148	1	7.227000072270001e-06
11064	1	7.227000072270001e-06
5334	1	7.227000072270001e-06
19935	1	7.227000072270001e-06
259	1	7.227000072270001e-06
26024	1	7.227000072270001e-06
24036	1	7.227000072270001e-06
9807	1	7.227000072270001e-06
1144	1	7.227000072270001e-06
2278	1	7.227000072270001e-06
5667	1	7.227000072270001e-06
5014	1	7.227000072270001e-06
9563	1	7.227000072270001e-06
22167	1	7.227000072270001e-06
12285	1	7.227000072270001e-06
3103	1	7.227000072270001e-06
9716	1	7.227000072270001e-06
1358	1	7.227000072270001e-06
17	1	7.227000072270001e-06
25650	1	7.227000072270001e-06
764	1	7.227000072270001e-06
390	1	7.227000072270001e-06
8681	1	7.227000072270001e-06
28746	1	7.227000072270001e-06
9409	1	7.227000072270001e-06
5298	1	7.227000072270001e-06
22220	1	7.227000072270001e-06
11880	1	7.227000072270001e-06
12538	1	7.227000072270001e-06
3592	1	7.227000072270001e-06
4507	1	7.227000072270001e-06
14375	1	7.227000072270001e-06
7040	1	7.227000072270001e-06
7445	1	7.227000072270001e-06
26835	1	7.227000072270001e-06
14149	1	7.227000072270001e-06
21367	1	7.227000072270001e-06
10466	1	7.227000072270001e-06
12659	1	7.227000072270001e-06
9796	1	7.227000072270001e-06
5702	1	7.227000072270001e-06
2178	1	7.227000072270001e-06
3787	1	7.227000072270001e-06
26013	1	7.227000072270001e-06
8152	1	7.227000072270001e-06
19291	1	7.227000072270001e-06
12894	1	7.227000072270001e-06
23756	1	7.227000072270001e-06
3707	1	7.227000072270001e-06
8488	1	7.227000072270001e-06
4369	1	7.227000072270001e-06
4046	1	7.227000072270001e-06
1596	1	7.227000072270001e-06
1940	1	7.227000072270001e-06
13255	1	7.227000072270001e-06
12801	1	7.227000072270001e-06
18820	1	7.227000072270001e-06
19477	1	7.227000072270001e-06
9277	1	7.227000072270001e-06
23495	1	7.227000072270001e-06
27201	1	7.227000072270001e-06
11012	1	7.227000072270001e-06
4061	1	7.227000072270001e-06
6436	1	7.227000072270001e-06
27084	1	7.227000072270001e-06
30346	1	7.227000072270001e-06
21416	1	7.227000072270001e-06
6562	1	7.227000072270001e-06
24258	1	7.227000072270001e-06
3223	1	7.227000072270001e-06
176	1	7.227000072270001e-06
20739	1	7.227000072270001e-06
13525	1	7.227000072270001e-06
29470	1	7.227000072270001e-06
2973	1	7.227000072270001e-06
1024	1	7.227000072270001e-06
20198	1	7.227000072270001e-06
22390	1	7.227000072270001e-06
4290	1	7.227000072270001e-06
9085	1	7.227000072270001e-06
13050	1	7.227000072270001e-06
11962	1	7.227000072270001e-06
743	1	7.227000072270001e-06
14684	1	7.227000072270001e-06
9120	1	7.227000072270001e-06
17403	1	7.227000072270001e-06
9902	1	7.227000072270001e-06
11915	1	7.227000072270001e-06
9595	1	7.227000072270001e-06
3867	1	7.227000072270001e-06
17572	1	7.227000072270001e-06
7124	1	7.227000072270001e-06
431	1	7.227000072270001e-06
19415	1	7.227000072270001e-06
21697	1	7.227000072270001e-06
13535	1	7.227000072270001e-06
29810	1	7.227000072270001e-06
23831	1	7.227000072270001e-06
17220	1	7.227000072270001e-06
25892	1	7.227000072270001e-06
19944	1	7.227000072270001e-06
8519	1	7.227000072270001e-06
4903	1	7.227000072270001e-06
16993	1	7.227000072270001e-06
8704	1	7.227000072270001e-06
3954	1	7.227000072270001e-06
9044	1	7.227000072270001e-06
569	1	7.227000072270001e-06
1052	1	7.227000072270001e-06
4458	1	7.227000072270001e-06
24813	1	7.227000072270001e-06
13396	1	7.227000072270001e-06
29741	1	7.227000072270001e-06
8695	1	7.227000072270001e-06
709	1	7.227000072270001e-06
25662	1	7.227000072270001e-06
15750	1	7.227000072270001e-06
4373	1	7.227000072270001e-06
16725	1	7.227000072270001e-06
2121	1	7.227000072270001e-06
6600	1	7.227000072270001e-06
9816	1	7.227000072270001e-06
27488	1	7.227000072270001e-06
5747	1	7.227000072270001e-06
10538	1	7.227000072270001e-06
9544	1	7.227000072270001e-06
25117	1	7.227000072270001e-06
28380	1	7.227000072270001e-06
10017	1	7.227000072270001e-06
8988	1	7.227000072270001e-06
122	1	7.227000072270001e-06
25788	1	7.227000072270001e-06
21008	1	7.227000072270001e-06
9773	1	7.227000072270001e-06
27073	1	7.227000072270001e-06
3704	1	7.227000072270001e-06
16319	1	7.227000072270001e-06
717	1	7.227000072270001e-06
2498	1	7.227000072270001e-06
18733	1	7.227000072270001e-06
1749	1	7.227000072270001e-06
9619	1	7.227000072270001e-06
9475	1	7.227000072270001e-06
14257	1	7.227000072270001e-06
22236	1	7.227000072270001e-06
6524	1	7.227000072270001e-06
27227	1	7.227000072270001e-06
26099	1	7.227000072270001e-06
20796	1	7.227000072270001e-06
21670	1	7.227000072270001e-06
19003	1	7.227000072270001e-06
21492	1	7.227000072270001e-06
2572	1	7.227000072270001e-06
15391	1	7.227000072270001e-06
15892	1	7.227000072270001e-06
4282	1	7.227000072270001e-06
12618	1	7.227000072270001e-06
3291	1	7.227000072270001e-06
14346	1	7.227000072270001e-06
23906	1	7.227000072270001e-06
24514	1	7.227000072270001e-06
4467	1	7.227000072270001e-06
25596	1	7.227000072270001e-06
6953	1	7.227000072270001e-06
6753	1	7.227000072270001e-06
1519	1	7.227000072270001e-06
27574	1	7.227000072270001e-06
3958	1	7.227000072270001e-06
10362	1	7.227000072270001e-06
7465	1	7.227000072270001e-06
21750	1	7.227000072270001e-06
7343	1	7.227000072270001e-06
3931	1	7.227000072270001e-06
4883	1	7.227000072270001e-06
12039	1	7.227000072270001e-06
11836	1	7.227000072270001e-06
8250	1	7.227000072270001e-06
15191	1	7.227000072270001e-06
15022	1	7.227000072270001e-06
24519	1	7.227000072270001e-06
26961	1	7.227000072270001e-06
24567	1	7.227000072270001e-06
10554	1	7.227000072270001e-06
15727	1	7.227000072270001e-06
3984	1	7.227000072270001e-06
24931	1	7.227000072270001e-06
10372	1	7.227000072270001e-06
15393	1	7.227000072270001e-06
18950	1	7.227000072270001e-06
29980	1	7.227000072270001e-06
18640	1	7.227000072270001e-06
6296	1	7.227000072270001e-06
16374	1	7.227000072270001e-06
488	1	7.227000072270001e-06
382	1	7.227000072270001e-06
634	1	7.227000072270001e-06
7961	1	7.227000072270001e-06
6422	1	7.227000072270001e-06
22762	1	7.227000072270001e-06
20986	1	7.227000072270001e-06
1880	1	7.227000072270001e-06
2087	1	7.227000072270001e-06
12245	1	7.227000072270001e-06
14828	1	7.227000072270001e-06
9091	1	7.227000072270001e-06
25524	1	7.227000072270001e-06
9066	1	7.227000072270001e-06
27053	1	7.227000072270001e-06
11979	1	7.227000072270001e-06
22162	1	7.227000072270001e-06
14239	1	7.227000072270001e-06
25070	1	7.227000072270001e-06
26205	1	7.227000072270001e-06
10868	1	7.227000072270001e-06
3772	1	7.227000072270001e-06
4861	1	7.227000072270001e-06
6030	1	7.227000072270001e-06
19951	1	7.227000072270001e-06
7501	1	7.227000072270001e-06
7720	1	7.227000072270001e-06
3113	1	7.227000072270001e-06
9338	1	7.227000072270001e-06
11151	1	7.227000072270001e-06
20814	1	7.227000072270001e-06
114	1	7.227000072270001e-06
599	1	7.227000072270001e-06
20143	1	7.227000072270001e-06
14736	1	7.227000072270001e-06
16376	1	7.227000072270001e-06
14204	1	7.227000072270001e-06
5605	1	7.227000072270001e-06
529	1	7.227000072270001e-06
467	1	7.227000072270001e-06
20835	1	7.227000072270001e-06
10026	1	7.227000072270001e-06
25360	1	7.227000072270001e-06
26462	1	7.227000072270001e-06
19349	1	7.227000072270001e-06
5848	1	7.227000072270001e-06
9671	1	7.227000072270001e-06
1558	1	7.227000072270001e-06
14637	1	7.227000072270001e-06
16429	1	7.227000072270001e-06
15269	1	7.227000072270001e-06
6591	1	7.227000072270001e-06
288	1	7.227000072270001e-06
9896	1	7.227000072270001e-06
9627	1	7.227000072270001e-06
8153	1	7.227000072270001e-06
30341	1	7.227000072270001e-06
11712	1	7.227000072270001e-06
16400	1	7.227000072270001e-06
172	1	7.227000072270001e-06
12554	1	7.227000072270001e-06
4329	1	7.227000072270001e-06
2034	1	7.227000072270001e-06
28540	1	7.227000072270001e-06
641	1	7.227000072270001e-06
16080	1	7.227000072270001e-06
12831	1	7.227000072270001e-06
438	1	7.227000072270001e-06
8351	1	7.227000072270001e-06
27215	1	7.227000072270001e-06
19660	1	7.227000072270001e-06
3151	1	7.227000072270001e-06
270	1	7.227000072270001e-06
14462	1	7.227000072270001e-06
5636	1	7.227000072270001e-06
5434	1	7.227000072270001e-06
23236	1	7.227000072270001e-06
1351	1	7.227000072270001e-06
10480	1	7.227000072270001e-06
12978	1	7.227000072270001e-06
10283	1	7.227000072270001e-06
14916	1	7.227000072270001e-06
27431	1	7.227000072270001e-06
7058	1	7.227000072270001e-06
17119	1	7.227000072270001e-06
28384	1	7.227000072270001e-06
22862	1	7.227000072270001e-06
18859	1	7.227000072270001e-06
6461	1	7.227000072270001e-06
22631	1	7.227000072270001e-06
309	1	7.227000072270001e-06
6951	1	7.227000072270001e-06
14725	1	7.227000072270001e-06
1644	1	7.227000072270001e-06
15195	1	7.227000072270001e-06
4172	1	7.227000072270001e-06
6897	1	7.227000072270001e-06
22728	1	7.227000072270001e-06
39	1	7.227000072270001e-06
5559	1	7.227000072270001e-06
14179	1	7.227000072270001e-06
9503	1	7.227000072270001e-06
31	1	7.227000072270001e-06
8586	1	7.227000072270001e-06
6044	1	7.227000072270001e-06
635	1	7.227000072270001e-06
8447	1	7.227000072270001e-06
12089	1	7.227000072270001e-06
22878	1	7.227000072270001e-06
26067	1	7.227000072270001e-06
22385	1	7.227000072270001e-06
9030	1	7.227000072270001e-06
4522	1	7.227000072270001e-06
18191	1	7.227000072270001e-06
11264	1	7.227000072270001e-06
4385	1	7.227000072270001e-06
6375	1	7.227000072270001e-06
18300	1	7.227000072270001e-06
20831	1	7.227000072270001e-06
1789	1	7.227000072270001e-06
10024	1	7.227000072270001e-06
9894	1	7.227000072270001e-06
