29525	3607	0.02607155764365739
11535	3577	0.025854716299241055
29616	2954	0.021351644380195156
8438	2644	0.019110950487893026
25472	2195	0.015865558366461873
15622	2182	0.01577159378388146
2704	1980	0.014311528731478135
3425	1909	0.013798337549692808
4488	1847	0.013350198771232382
28236	1825	0.013191181785327069
15047	1721	0.012439465124683772
1301	1715	0.012396096855800506
1220	1698	0.012273220093964582
11601	1574	0.01137694253704373
18484	1501	0.010849295265630646
2320	1451	0.010487893024936754
17890	1422	0.010278279725334297
7863	1368	0.009887965305384893
21363	1347	0.00973617636429346
15799	1329	0.009606071557643658
26419	1282	0.009266353451391398
18357	1242	0.008977231658836285
19370	1192	0.008615829418142392
16878	1180	0.008529092880375858
134	1140	0.008239971087820744
3861	1114	0.00805204192265992
9515	1099	0.007943621250451753
5246	1094	0.007907481026382364
23892	1093	0.007900252981568486
16276	1078	0.007791832309360318
21547	1030	0.007444886158294181
891	988	0.007141308276111312
27756	979	0.007076255872786411
25819	963	0.0069606071557643655
2914	920	0.006649801228767618
25486	914	0.0066064329598843514
1612	889	0.006425731839537405
6603	884	0.006389591615468016
30502	853	0.0061655222262378025
18509	839	0.006064329598843513
11951	804	0.005811348030357788
9217	802	0.005796891940730032
18536	787	0.005688471268521865
686	784	0.005666787134080232
6640	781	0.0056451029996385975
12305	755	0.005457173834477773
20573	754	0.005449945789663896
10742	753	0.005442717744850018
11412	736	0.005319840983014095
8449	727	0.005254788579689194
2192	717	0.005182508131550415
8501	714	0.005160823997108782
26189	713	0.005153595952294904
3496	697	0.005037947235272859
10220	696	0.0050307191904589805
7549	693	0.005009035056017347
29366	693	0.005009035056017347
18112	668	0.004828333935670401
12121	651	0.004705457173834478
7176	650	0.0046982291290206
23730	637	0.004604264546440188
3105	633	0.004575352367184676
323	631	0.004560896277556921
4370	624	0.004510299963859776
11137	605	0.004372967112396097
30629	599	0.0043295988435128295
5270	596	0.004307914709071196
27718	590	0.004264546440187929
8976	589	0.004257318395374052
25617	581	0.004199494036863029
21600	575	0.0041561257679797615
19490	559	0.004040477050957716
5109	556	0.004018792916516082
3650	555	0.004011564871702205
12722	553	0.003997108782074449
18826	519	0.003751355258402602
14278	508	0.003671846765449946
16378	491	0.0035489700036140225
14622	486	0.003512829779544633
1180	480	0.003469461510661366
13024	460	0.003324900614383809
29295	458	0.0033104445247560533
8262	455	0.00328876039031442
7318	454	0.003281532345500542
26626	450	0.0032526201662450307
796	450	0.0032526201662450307
16397	443	0.0032020238525478856
1716	440	0.0031803397181062523
24122	438	0.0031658836284784967
19132	427	0.0030863751355258403
175	423	0.003057462956270329
18178	422	0.003050234911456451
20102	418	0.0030213227322009395
17581	413	0.0029851825081315506
13644	401	0.002898445970365016
2606	399	0.0028839898807372605
4947	398	0.002876761835923383
23160	395	0.002855077701481749
24151	394	0.0028478496566678715
3883	394	0.0028478496566678715
7227	388	0.002804481387784604
9880	379	0.0027394289844597038
1843	376	0.00271774485001807
5030	376	0.00271774485001807
262	372	0.0026888326707625587
3716	366	0.0026454644018792917
3284	361	0.0026093241778099023
2501	355	0.0025659559089266353
11928	350	0.002529815684857246
4785	343	0.0024792193711601013
11734	342	0.0024719913263462233
14593	339	0.00245030719190459
8591	336	0.0024286230574629562
22616	333	0.0024069389230213225
6052	329	0.002378026743765811
23933	327	0.0023635706541380555
13701	322	0.0023274304300686666
3080	319	0.002305746295627033
19895	314	0.0022696060715576435
13116	310	0.002240693892302132
621	310	0.002240693892302132
10266	309	0.0022334658474882545
17058	301	0.002175641488977232
14863	301	0.002175641488977232
12945	298	0.002153957354535598
19471	297	0.0021467293097217205
11922	294	0.0021250451752800868
21957	292	0.002110589085652331
3720	291	0.002103361040838453
2715	291	0.002103361040838453
25008	289	0.0020889049512106974
8065	279	0.002016624503071919
7107	269	0.0019443440549331405
440	268	0.0019371160101192626
24135	268	0.0019371160101192626
3278	264	0.0019082038308637513
5594	264	0.0019082038308637513
25049	261	0.0018865196964221178
2147	259	0.0018720636067943621
8022	259	0.0018720636067943621
3648	258	0.0018648355619804843
23668	252	0.0018214672930972173
16009	251	0.0018142392482833395
14641	249	0.0017997831586555836
881	247	0.001785327069027828
19121	237	0.0017130466208890496
28830	226	0.0016335381279363932
10539	224	0.0016190820383086375
7777	221	0.001597397903867004
1189	221	0.001597397903867004
1253	218	0.0015757137694253705
16305	216	0.0015612576797976148
21213	208	0.001503433321286592
28430	202	0.001460065052403325
971	202	0.001460065052403325
3738	200	0.0014456089627755693
4800	199	0.0014383809179616914
27182	198	0.0014311528731478136
3625	197	0.0014239248283339358
28629	194	0.001402240693892302
11033	193	0.0013950126490784242
13450	191	0.0013805565594506685
15016	188	0.001358872425009035
18644	186	0.0013444163353812794
10864	186	0.0013444163353812794
4101	177	0.0012793639320563789
16035	175	0.001264907842428623
27586	174	0.0012576797976147451
22451	169	0.001221539573545356
117	167	0.0012070834839176003
17562	167	0.0012070834839176003
8383	166	0.0011998554391037225
7617	162	0.0011709432598482111
9824	162	0.0011709432598482111
24937	161	0.0011637152150343333
14613	160	0.0011564871702204554
8430	159	0.0011492591254065776
16350	158	0.0011420310805926998
7954	156	0.001127574990964944
2482	155	0.001120346946151066
15853	153	0.0011058908565233104
14176	145	0.0010480664980122877
1926	144	0.0010408384531984099
10933	142	0.0010263823635706542
2298	141	0.0010191543187567764
6237	140	0.0010119262739428985
27134	140	0.0010119262739428985
12869	139	0.0010046982291290205
9837	137	0.0009902421395012648
3481	137	0.0009902421395012648
23644	135	0.0009757860498735093
28274	135	0.0009757860498735093
6396	135	0.0009757860498735093
16449	134	0.0009685580050596313
5318	133	0.0009613299602457535
28142	133	0.0009613299602457535
18879	132	0.0009541019154318757
18177	129	0.0009324177809902422
7086	128	0.0009251897361763643
4451	126	0.0009107336465486086
14873	125	0.0009035056017347307
21902	124	0.0008962775569208529
2225	122	0.0008818214672930972
6680	121	0.0008745934224792194
1377	121	0.0008745934224792194
7217	119	0.0008601373328514637
2865	116	0.0008384531984098301
7424	114	0.0008239971087820744
868	113	0.0008167690639681966
14818	113	0.0008167690639681966
7401	112	0.0008095410191543187
281	111	0.0008023129743404409
14437	110	0.0007950849295265631
16921	110	0.0007950849295265631
22893	109	0.0007878568847126852
8497	109	0.0007878568847126852
21942	108	0.0007806288398988074
19941	108	0.0007806288398988074
15848	106	0.0007661727502710516
2875	105	0.0007589447054571738
11397	105	0.0007589447054571738
26526	102	0.0007372605710155403
15999	102	0.0007372605710155403
23159	102	0.0007372605710155403
15121	101	0.0007300325262016625
20987	100	0.0007228044813877846
3528	99	0.0007155764365739068
14661	99	0.0007155764365739068
703	98	0.000708348391760029
29612	97	0.000701120346946151
22333	97	0.000701120346946151
8675	97	0.000701120346946151
23262	96	0.0006938923021322732
14402	96	0.0006938923021322732
1156	95	0.0006866642573183953
2402	94	0.0006794362125045175
24707	94	0.0006794362125045175
14277	93	0.0006722081676906397
13886	91	0.000657752078062884
14776	91	0.000657752078062884
2647	90	0.0006505240332490062
1328	88	0.0006360679436212504
17021	88	0.0006360679436212504
777	88	0.0006360679436212504
6369	87	0.0006288398988073726
7412	86	0.0006216118539934947
30408	85	0.0006143838091796169
25404	84	0.0006071557643657391
30246	82	0.0005926996747379834
10559	81	0.0005854716299241056
11312	81	0.0005854716299241056
6973	79	0.0005710155402963499
22059	79	0.0005710155402963499
1872	79	0.0005710155402963499
746	78	0.000563787495482472
25800	78	0.000563787495482472
301	78	0.000563787495482472
5554	77	0.0005565594506685941
11271	76	0.0005493314058547163
953	76	0.0005493314058547163
12575	75	0.0005421033610408384
18245	75	0.0005421033610408384
20571	75	0.0005421033610408384
14632	74	0.0005348753162269606
27333	73	0.0005276472714130828
24694	72	0.0005204192265992049
2318	71	0.0005131911817853271
2906	70	0.0005059631369714493
27318	70	0.0005059631369714493
26959	70	0.0005059631369714493
470	70	0.0005059631369714493
826	69	0.0004987350921575713
28205	68	0.0004915070473436935
27770	68	0.0004915070473436935
11067	68	0.0004915070473436935
23757	67	0.00048427900252981566
2028	66	0.0004770509577159378
4256	65	0.00046982291290206
10636	65	0.00046982291290206
7856	65	0.00046982291290206
29996	64	0.00046259486808818216
27650	64	0.00046259486808818216
19042	63	0.0004553668232743043
9422	63	0.0004553668232743043
6861	62	0.00044813877846042644
28612	62	0.00044813877846042644
14508	62	0.00044813877846042644
15749	62	0.00044813877846042644
3869	62	0.00044813877846042644
25254	61	0.0004409107336465486
2010	61	0.0004409107336465486
4108	60	0.00043368268883267077
22386	59	0.00042645464401879293
27883	59	0.00042645464401879293
3564	57	0.0004119985543910372
17279	57	0.0004119985543910372
14699	57	0.0004119985543910372
26468	57	0.0004119985543910372
8557	56	0.0004047705095771594
7459	56	0.0004047705095771594
5087	55	0.00039754246476328154
1565	55	0.00039754246476328154
8346	55	0.00039754246476328154
2118	55	0.00039754246476328154
216	54	0.0003903144199494037
27695	54	0.0003903144199494037
15704	54	0.0003903144199494037
3480	54	0.0003903144199494037
18283	53	0.0003830863751355258
1104	52	0.000375858330321648
5354	52	0.000375858330321648
7150	51	0.00036863028550777015
12455	50	0.0003614022406938923
937	50	0.0003614022406938923
25968	49	0.0003541741958800145
12156	49	0.0003541741958800145
8842	48	0.0003469461510661366
993	48	0.0003469461510661366
3371	47	0.00033971810625225876
2981	47	0.00033971810625225876
1846	46	0.0003324900614383809
21378	46	0.0003324900614383809
28942	46	0.0003324900614383809
17051	45	0.0003252620166245031
9101	45	0.0003252620166245031
7645	44	0.0003180339718106252
12292	44	0.0003180339718106252
15605	44	0.0003180339718106252
17994	43	0.00031080592699674737
3975	43	0.00031080592699674737
1582	43	0.00031080592699674737
21527	42	0.00030357788218286953
8790	42	0.00030357788218286953
5486	42	0.00030357788218286953
3942	42	0.00030357788218286953
26306	41	0.0002963498373689917
4956	40	0.00028912179255511386
18711	40	0.00028912179255511386
3973	40	0.00028912179255511386
14115	40	0.00028912179255511386
12448	39	0.000281893747741236
1337	39	0.000281893747741236
25498	39	0.000281893747741236
10123	39	0.000281893747741236
27158	38	0.00027466570292735814
4904	38	0.00027466570292735814
17672	38	0.00027466570292735814
16112	38	0.00027466570292735814
9771	38	0.00027466570292735814
9147	37	0.0002674376581134803
16922	37	0.0002674376581134803
7184	37	0.0002674376581134803
3767	36	0.00026020961329960247
20003	36	0.00026020961329960247
4052	36	0.00026020961329960247
6730	36	0.00026020961329960247
22797	35	0.00025298156848572464
5916	35	0.00025298156848572464
14228	35	0.00025298156848572464
4352	35	0.00025298156848572464
5888	35	0.00025298156848572464
876	34	0.00024575352367184675
17443	34	0.00024575352367184675
14122	34	0.00024575352367184675
11941	34	0.00024575352367184675
27197	34	0.00024575352367184675
2465	34	0.00024575352367184675
303	33	0.0002385254788579689
7439	33	0.0002385254788579689
989	33	0.0002385254788579689
15516	32	0.00023129743404409108
25581	32	0.00023129743404409108
15627	32	0.00023129743404409108
17250	32	0.00023129743404409108
29365	32	0.00023129743404409108
1413	31	0.00022406938923021322
2633	31	0.00022406938923021322
9657	31	0.00022406938923021322
601	30	0.00021684134441633538
5760	30	0.00021684134441633538
7468	30	0.00021684134441633538
8049	30	0.00021684134441633538
11611	30	0.00021684134441633538
9150	30	0.00021684134441633538
7346	30	0.00021684134441633538
8926	30	0.00021684134441633538
15330	29	0.00020961329960245752
9088	29	0.00020961329960245752
495	29	0.00020961329960245752
4553	29	0.00020961329960245752
18888	28	0.0002023852547885797
7389	28	0.0002023852547885797
16784	28	0.0002023852547885797
30255	28	0.0002023852547885797
24079	28	0.0002023852547885797
13627	28	0.0002023852547885797
12892	27	0.00019515720997470185
1929	27	0.00019515720997470185
3457	27	0.00019515720997470185
13988	27	0.00019515720997470185
8471	27	0.00019515720997470185
13950	27	0.00019515720997470185
3030	27	0.00019515720997470185
27937	26	0.000187929165160824
12014	26	0.000187929165160824
6679	26	0.000187929165160824
4489	25	0.00018070112034694616
13333	25	0.00018070112034694616
593	25	0.00018070112034694616
27785	25	0.00018070112034694616
19991	25	0.00018070112034694616
7241	25	0.00018070112034694616
1518	25	0.00018070112034694616
9689	25	0.00018070112034694616
11211	24	0.0001734730755330683
2452	24	0.0001734730755330683
10371	24	0.0001734730755330683
2557	24	0.0001734730755330683
6969	24	0.0001734730755330683
20384	24	0.0001734730755330683
20906	24	0.0001734730755330683
2672	24	0.0001734730755330683
28448	24	0.0001734730755330683
12803	24	0.0001734730755330683
1355	24	0.0001734730755330683
12901	24	0.0001734730755330683
1655	23	0.00016624503071919046
8820	23	0.00016624503071919046
6231	23	0.00016624503071919046
11473	23	0.00016624503071919046
26183	23	0.00016624503071919046
25502	23	0.00016624503071919046
7180	23	0.00016624503071919046
4994	22	0.0001590169859053126
2272	22	0.0001590169859053126
7326	22	0.0001590169859053126
3802	22	0.0001590169859053126
7301	22	0.0001590169859053126
12608	22	0.0001590169859053126
16125	22	0.0001590169859053126
25234	22	0.0001590169859053126
92	22	0.0001590169859053126
3560	22	0.0001590169859053126
19663	22	0.0001590169859053126
5023	22	0.0001590169859053126
11258	22	0.0001590169859053126
10779	21	0.00015178894109143477
290	21	0.00015178894109143477
3019	21	0.00015178894109143477
19824	21	0.00015178894109143477
27299	21	0.00015178894109143477
7807	21	0.00015178894109143477
16083	21	0.00015178894109143477
28441	21	0.00015178894109143477
9321	21	0.00015178894109143477
7131	20	0.00014456089627755693
24040	20	0.00014456089627755693
3960	20	0.00014456089627755693
19138	20	0.00014456089627755693
12062	20	0.00014456089627755693
2932	20	0.00014456089627755693
9550	20	0.00014456089627755693
3962	20	0.00014456089627755693
30328	19	0.00013733285146367907
4767	19	0.00013733285146367907
13217	19	0.00013733285146367907
2218	19	0.00013733285146367907
3242	19	0.00013733285146367907
1166	19	0.00013733285146367907
12447	19	0.00013733285146367907
9263	19	0.00013733285146367907
25729	19	0.00013733285146367907
1001	19	0.00013733285146367907
5110	19	0.00013733285146367907
21325	19	0.00013733285146367907
4133	19	0.00013733285146367907
26816	19	0.00013733285146367907
13994	19	0.00013733285146367907
26730	19	0.00013733285146367907
26891	19	0.00013733285146367907
927	18	0.00013010480664980124
15489	18	0.00013010480664980124
6110	18	0.00013010480664980124
218	18	0.00013010480664980124
22623	18	0.00013010480664980124
1708	18	0.00013010480664980124
29113	18	0.00013010480664980124
8020	18	0.00013010480664980124
22362	18	0.00013010480664980124
1892	18	0.00013010480664980124
1476	17	0.00012287676183592337
28143	17	0.00012287676183592337
2365	17	0.00012287676183592337
5355	17	0.00012287676183592337
5926	17	0.00012287676183592337
23085	17	0.00012287676183592337
13327	17	0.00012287676183592337
7919	17	0.00012287676183592337
3580	16	0.00011564871702204554
14381	16	0.00011564871702204554
900	16	0.00011564871702204554
21888	16	0.00011564871702204554
3917	16	0.00011564871702204554
15760	16	0.00011564871702204554
14979	16	0.00011564871702204554
9641	16	0.00011564871702204554
20059	16	0.00011564871702204554
3870	16	0.00011564871702204554
9412	16	0.00011564871702204554
3581	16	0.00011564871702204554
13489	16	0.00011564871702204554
20129	15	0.00010842067220816769
7199	15	0.00010842067220816769
21048	15	0.00010842067220816769
7329	15	0.00010842067220816769
6277	15	0.00010842067220816769
3438	15	0.00010842067220816769
11260	15	0.00010842067220816769
7061	15	0.00010842067220816769
25100	15	0.00010842067220816769
30091	15	0.00010842067220816769
14982	15	0.00010842067220816769
11869	15	0.00010842067220816769
2951	15	0.00010842067220816769
4576	15	0.00010842067220816769
14270	15	0.00010842067220816769
20457	15	0.00010842067220816769
26187	15	0.00010842067220816769
19812	15	0.00010842067220816769
589	15	0.00010842067220816769
2491	14	0.00010119262739428984
9734	14	0.00010119262739428984
6792	14	0.00010119262739428984
27743	14	0.00010119262739428984
4434	14	0.00010119262739428984
9175	14	0.00010119262739428984
4888	14	0.00010119262739428984
7875	14	0.00010119262739428984
9685	14	0.00010119262739428984
19272	14	0.00010119262739428984
4552	14	0.00010119262739428984
23176	14	0.00010119262739428984
7767	14	0.00010119262739428984
8811	14	0.00010119262739428984
4877	14	0.00010119262739428984
15550	13	9.3964582580412e-05
5555	13	9.3964582580412e-05
3769	13	9.3964582580412e-05
9529	13	9.3964582580412e-05
25568	13	9.3964582580412e-05
17613	13	9.3964582580412e-05
22489	13	9.3964582580412e-05
10341	13	9.3964582580412e-05
8563	13	9.3964582580412e-05
3289	13	9.3964582580412e-05
9451	13	9.3964582580412e-05
7200	13	9.3964582580412e-05
7949	13	9.3964582580412e-05
27189	13	9.3964582580412e-05
20664	13	9.3964582580412e-05
17222	13	9.3964582580412e-05
30378	13	9.3964582580412e-05
5257	13	9.3964582580412e-05
5289	13	9.3964582580412e-05
8074	13	9.3964582580412e-05
5457	13	9.3964582580412e-05
191	12	8.673653776653415e-05
15074	12	8.673653776653415e-05
8655	12	8.673653776653415e-05
766	12	8.673653776653415e-05
4304	12	8.673653776653415e-05
20141	12	8.673653776653415e-05
23676	12	8.673653776653415e-05
3158	12	8.673653776653415e-05
13106	12	8.673653776653415e-05
27540	12	8.673653776653415e-05
1164	12	8.673653776653415e-05
10454	12	8.673653776653415e-05
1442	12	8.673653776653415e-05
22548	12	8.673653776653415e-05
14973	12	8.673653776653415e-05
14830	12	8.673653776653415e-05
3504	12	8.673653776653415e-05
2542	12	8.673653776653415e-05
21975	12	8.673653776653415e-05
5358	12	8.673653776653415e-05
22851	12	8.673653776653415e-05
6241	12	8.673653776653415e-05
23189	12	8.673653776653415e-05
1441	12	8.673653776653415e-05
2643	12	8.673653776653415e-05
392	11	7.95084929526563e-05
6360	11	7.95084929526563e-05
11246	11	7.95084929526563e-05
11449	11	7.95084929526563e-05
5153	11	7.95084929526563e-05
21588	11	7.95084929526563e-05
16833	11	7.95084929526563e-05
1873	11	7.95084929526563e-05
8061	11	7.95084929526563e-05
811	11	7.95084929526563e-05
7682	11	7.95084929526563e-05
12675	11	7.95084929526563e-05
7790	11	7.95084929526563e-05
3830	11	7.95084929526563e-05
21788	11	7.95084929526563e-05
15221	11	7.95084929526563e-05
2652	11	7.95084929526563e-05
5381	11	7.95084929526563e-05
26621	11	7.95084929526563e-05
7249	11	7.95084929526563e-05
1426	11	7.95084929526563e-05
7723	11	7.95084929526563e-05
4690	11	7.95084929526563e-05
11893	11	7.95084929526563e-05
4514	11	7.95084929526563e-05
29163	11	7.95084929526563e-05
2664	10	7.228044813877847e-05
27399	10	7.228044813877847e-05
4903	10	7.228044813877847e-05
209	10	7.228044813877847e-05
28949	10	7.228044813877847e-05
3631	10	7.228044813877847e-05
7968	10	7.228044813877847e-05
11892	10	7.228044813877847e-05
27636	10	7.228044813877847e-05
6477	10	7.228044813877847e-05
25926	10	7.228044813877847e-05
16962	10	7.228044813877847e-05
17415	10	7.228044813877847e-05
1560	10	7.228044813877847e-05
25701	10	7.228044813877847e-05
4449	10	7.228044813877847e-05
24124	10	7.228044813877847e-05
20981	10	7.228044813877847e-05
2670	10	7.228044813877847e-05
22277	10	7.228044813877847e-05
10012	10	7.228044813877847e-05
13166	10	7.228044813877847e-05
22695	10	7.228044813877847e-05
16209	10	7.228044813877847e-05
21193	9	6.505240332490062e-05
22381	9	6.505240332490062e-05
5438	9	6.505240332490062e-05
24094	9	6.505240332490062e-05
13170	9	6.505240332490062e-05
22177	9	6.505240332490062e-05
13208	9	6.505240332490062e-05
12066	9	6.505240332490062e-05
12927	9	6.505240332490062e-05
20731	9	6.505240332490062e-05
5459	9	6.505240332490062e-05
5173	9	6.505240332490062e-05
26570	9	6.505240332490062e-05
9066	9	6.505240332490062e-05
25815	9	6.505240332490062e-05
18908	9	6.505240332490062e-05
560	9	6.505240332490062e-05
13109	9	6.505240332490062e-05
28479	9	6.505240332490062e-05
18894	9	6.505240332490062e-05
3098	9	6.505240332490062e-05
19615	9	6.505240332490062e-05
21480	9	6.505240332490062e-05
10180	8	5.782435851102277e-05
6098	8	5.782435851102277e-05
19009	8	5.782435851102277e-05
11097	8	5.782435851102277e-05
3575	8	5.782435851102277e-05
11450	8	5.782435851102277e-05
7284	8	5.782435851102277e-05
26192	8	5.782435851102277e-05
19358	8	5.782435851102277e-05
6174	8	5.782435851102277e-05
3965	8	5.782435851102277e-05
120	8	5.782435851102277e-05
5366	8	5.782435851102277e-05
21452	8	5.782435851102277e-05
8072	8	5.782435851102277e-05
25010	8	5.782435851102277e-05
5399	8	5.782435851102277e-05
1047	8	5.782435851102277e-05
5309	8	5.782435851102277e-05
23449	8	5.782435851102277e-05
5458	8	5.782435851102277e-05
7897	8	5.782435851102277e-05
2178	8	5.782435851102277e-05
17133	8	5.782435851102277e-05
5010	8	5.782435851102277e-05
28618	8	5.782435851102277e-05
26119	8	5.782435851102277e-05
22744	8	5.782435851102277e-05
687	8	5.782435851102277e-05
10629	8	5.782435851102277e-05
14389	8	5.782435851102277e-05
7911	8	5.782435851102277e-05
27431	8	5.782435851102277e-05
30032	8	5.782435851102277e-05
2821	8	5.782435851102277e-05
27146	8	5.782435851102277e-05
5028	8	5.782435851102277e-05
19832	8	5.782435851102277e-05
27041	7	5.059631369714492e-05
28289	7	5.059631369714492e-05
10798	7	5.059631369714492e-05
18522	7	5.059631369714492e-05
14996	7	5.059631369714492e-05
27894	7	5.059631369714492e-05
8561	7	5.059631369714492e-05
29229	7	5.059631369714492e-05
4648	7	5.059631369714492e-05
19509	7	5.059631369714492e-05
21791	7	5.059631369714492e-05
5834	7	5.059631369714492e-05
3573	7	5.059631369714492e-05
2968	7	5.059631369714492e-05
4084	7	5.059631369714492e-05
4612	7	5.059631369714492e-05
22920	7	5.059631369714492e-05
973	7	5.059631369714492e-05
1876	7	5.059631369714492e-05
23893	7	5.059631369714492e-05
12198	7	5.059631369714492e-05
10423	7	5.059631369714492e-05
28336	7	5.059631369714492e-05
10782	7	5.059631369714492e-05
20720	7	5.059631369714492e-05
7735	7	5.059631369714492e-05
26302	7	5.059631369714492e-05
19644	7	5.059631369714492e-05
2338	7	5.059631369714492e-05
7272	7	5.059631369714492e-05
1822	7	5.059631369714492e-05
447	7	5.059631369714492e-05
11745	7	5.059631369714492e-05
14649	7	5.059631369714492e-05
6932	7	5.059631369714492e-05
18055	7	5.059631369714492e-05
24025	7	5.059631369714492e-05
17577	7	5.059631369714492e-05
14983	7	5.059631369714492e-05
6311	7	5.059631369714492e-05
4996	7	5.059631369714492e-05
15548	7	5.059631369714492e-05
22134	7	5.059631369714492e-05
7571	7	5.059631369714492e-05
23156	7	5.059631369714492e-05
14418	7	5.059631369714492e-05
23038	7	5.059631369714492e-05
18249	7	5.059631369714492e-05
3307	7	5.059631369714492e-05
11104	7	5.059631369714492e-05
21689	7	5.059631369714492e-05
1849	7	5.059631369714492e-05
2122	6	4.3368268883267074e-05
9037	6	4.3368268883267074e-05
3559	6	4.3368268883267074e-05
10547	6	4.3368268883267074e-05
9855	6	4.3368268883267074e-05
19878	6	4.3368268883267074e-05
8488	6	4.3368268883267074e-05
16754	6	4.3368268883267074e-05
20929	6	4.3368268883267074e-05
24548	6	4.3368268883267074e-05
7605	6	4.3368268883267074e-05
19439	6	4.3368268883267074e-05
8526	6	4.3368268883267074e-05
1592	6	4.3368268883267074e-05
10908	6	4.3368268883267074e-05
22938	6	4.3368268883267074e-05
10208	6	4.3368268883267074e-05
4130	6	4.3368268883267074e-05
4128	6	4.3368268883267074e-05
233	6	4.3368268883267074e-05
21232	6	4.3368268883267074e-05
21707	6	4.3368268883267074e-05
22890	6	4.3368268883267074e-05
12050	6	4.3368268883267074e-05
12098	6	4.3368268883267074e-05
10100	6	4.3368268883267074e-05
18827	6	4.3368268883267074e-05
13404	6	4.3368268883267074e-05
23504	6	4.3368268883267074e-05
6891	6	4.3368268883267074e-05
7466	6	4.3368268883267074e-05
10762	6	4.3368268883267074e-05
23254	6	4.3368268883267074e-05
2632	6	4.3368268883267074e-05
3670	6	4.3368268883267074e-05
16993	6	4.3368268883267074e-05
2471	6	4.3368268883267074e-05
14775	6	4.3368268883267074e-05
1920	6	4.3368268883267074e-05
2151	6	4.3368268883267074e-05
3259	6	4.3368268883267074e-05
29528	6	4.3368268883267074e-05
30325	6	4.3368268883267074e-05
20764	6	4.3368268883267074e-05
1512	6	4.3368268883267074e-05
11079	6	4.3368268883267074e-05
14299	6	4.3368268883267074e-05
2726	6	4.3368268883267074e-05
2316	6	4.3368268883267074e-05
2696	6	4.3368268883267074e-05
7878	6	4.3368268883267074e-05
6128	6	4.3368268883267074e-05
25558	6	4.3368268883267074e-05
12123	6	4.3368268883267074e-05
1284	6	4.3368268883267074e-05
7060	6	4.3368268883267074e-05
20313	6	4.3368268883267074e-05
13077	6	4.3368268883267074e-05
3735	6	4.3368268883267074e-05
22735	6	4.3368268883267074e-05
12300	6	4.3368268883267074e-05
21499	6	4.3368268883267074e-05
10017	5	3.614022406938923e-05
503	5	3.614022406938923e-05
10544	5	3.614022406938923e-05
1986	5	3.614022406938923e-05
2705	5	3.614022406938923e-05
10712	5	3.614022406938923e-05
9403	5	3.614022406938923e-05
20809	5	3.614022406938923e-05
1437	5	3.614022406938923e-05
17895	5	3.614022406938923e-05
2948	5	3.614022406938923e-05
4442	5	3.614022406938923e-05
23781	5	3.614022406938923e-05
3567	5	3.614022406938923e-05
19212	5	3.614022406938923e-05
21528	5	3.614022406938923e-05
20370	5	3.614022406938923e-05
2734	5	3.614022406938923e-05
8021	5	3.614022406938923e-05
24567	5	3.614022406938923e-05
1205	5	3.614022406938923e-05
22349	5	3.614022406938923e-05
3448	5	3.614022406938923e-05
4203	5	3.614022406938923e-05
869	5	3.614022406938923e-05
3318	5	3.614022406938923e-05
15735	5	3.614022406938923e-05
7837	5	3.614022406938923e-05
12693	5	3.614022406938923e-05
2044	5	3.614022406938923e-05
8979	5	3.614022406938923e-05
19024	5	3.614022406938923e-05
8715	5	3.614022406938923e-05
22385	5	3.614022406938923e-05
6285	5	3.614022406938923e-05
4593	5	3.614022406938923e-05
5666	5	3.614022406938923e-05
2373	5	3.614022406938923e-05
27478	5	3.614022406938923e-05
26060	5	3.614022406938923e-05
21315	5	3.614022406938923e-05
23714	5	3.614022406938923e-05
14490	5	3.614022406938923e-05
9023	5	3.614022406938923e-05
3116	5	3.614022406938923e-05
10362	5	3.614022406938923e-05
6800	5	3.614022406938923e-05
23092	5	3.614022406938923e-05
14264	5	3.614022406938923e-05
23963	5	3.614022406938923e-05
1829	5	3.614022406938923e-05
7978	5	3.614022406938923e-05
5154	5	3.614022406938923e-05
1130	5	3.614022406938923e-05
16612	5	3.614022406938923e-05
24315	5	3.614022406938923e-05
27377	5	3.614022406938923e-05
1795	5	3.614022406938923e-05
25747	5	3.614022406938923e-05
15682	5	3.614022406938923e-05
30684	5	3.614022406938923e-05
9796	5	3.614022406938923e-05
3819	5	3.614022406938923e-05
24438	5	3.614022406938923e-05
3829	5	3.614022406938923e-05
28480	5	3.614022406938923e-05
15555	5	3.614022406938923e-05
3739	5	3.614022406938923e-05
22704	5	3.614022406938923e-05
26529	4	2.8912179255511385e-05
6598	4	2.8912179255511385e-05
9409	4	2.8912179255511385e-05
28540	4	2.8912179255511385e-05
24763	4	2.8912179255511385e-05
3396	4	2.8912179255511385e-05
16398	4	2.8912179255511385e-05
18203	4	2.8912179255511385e-05
15004	4	2.8912179255511385e-05
5753	4	2.8912179255511385e-05
29059	4	2.8912179255511385e-05
10840	4	2.8912179255511385e-05
4573	4	2.8912179255511385e-05
30047	4	2.8912179255511385e-05
22364	4	2.8912179255511385e-05
8704	4	2.8912179255511385e-05
875	4	2.8912179255511385e-05
17403	4	2.8912179255511385e-05
3948	4	2.8912179255511385e-05
17144	4	2.8912179255511385e-05
18363	4	2.8912179255511385e-05
4700	4	2.8912179255511385e-05
8659	4	2.8912179255511385e-05
29530	4	2.8912179255511385e-05
8910	4	2.8912179255511385e-05
10820	4	2.8912179255511385e-05
5530	4	2.8912179255511385e-05
5151	4	2.8912179255511385e-05
15227	4	2.8912179255511385e-05
24131	4	2.8912179255511385e-05
1523	4	2.8912179255511385e-05
24973	4	2.8912179255511385e-05
24017	4	2.8912179255511385e-05
4602	4	2.8912179255511385e-05
5733	4	2.8912179255511385e-05
11274	4	2.8912179255511385e-05
3008	4	2.8912179255511385e-05
22526	4	2.8912179255511385e-05
11973	4	2.8912179255511385e-05
715	4	2.8912179255511385e-05
322	4	2.8912179255511385e-05
25762	4	2.8912179255511385e-05
20686	4	2.8912179255511385e-05
15293	4	2.8912179255511385e-05
8180	4	2.8912179255511385e-05
2868	4	2.8912179255511385e-05
4027	4	2.8912179255511385e-05
12384	4	2.8912179255511385e-05
1596	4	2.8912179255511385e-05
15436	4	2.8912179255511385e-05
16148	4	2.8912179255511385e-05
19118	4	2.8912179255511385e-05
30279	4	2.8912179255511385e-05
3909	4	2.8912179255511385e-05
14637	4	2.8912179255511385e-05
23701	4	2.8912179255511385e-05
29708	4	2.8912179255511385e-05
24809	4	2.8912179255511385e-05
23247	4	2.8912179255511385e-05
25833	4	2.8912179255511385e-05
24012	4	2.8912179255511385e-05
18838	4	2.8912179255511385e-05
10049	4	2.8912179255511385e-05
1591	4	2.8912179255511385e-05
6787	4	2.8912179255511385e-05
15421	4	2.8912179255511385e-05
12996	4	2.8912179255511385e-05
7838	4	2.8912179255511385e-05
13821	4	2.8912179255511385e-05
10345	4	2.8912179255511385e-05
12354	4	2.8912179255511385e-05
10379	4	2.8912179255511385e-05
26384	4	2.8912179255511385e-05
6088	4	2.8912179255511385e-05
16581	4	2.8912179255511385e-05
19044	4	2.8912179255511385e-05
21183	4	2.8912179255511385e-05
969	4	2.8912179255511385e-05
9920	4	2.8912179255511385e-05
285	4	2.8912179255511385e-05
6794	4	2.8912179255511385e-05
1935	4	2.8912179255511385e-05
10268	4	2.8912179255511385e-05
23765	4	2.8912179255511385e-05
18093	4	2.8912179255511385e-05
13931	4	2.8912179255511385e-05
4202	4	2.8912179255511385e-05
456	4	2.8912179255511385e-05
17119	4	2.8912179255511385e-05
29758	4	2.8912179255511385e-05
10298	4	2.8912179255511385e-05
21484	4	2.8912179255511385e-05
6499	4	2.8912179255511385e-05
405	4	2.8912179255511385e-05
24782	4	2.8912179255511385e-05
14684	4	2.8912179255511385e-05
24287	4	2.8912179255511385e-05
29986	4	2.8912179255511385e-05
8351	4	2.8912179255511385e-05
17333	4	2.8912179255511385e-05
15744	4	2.8912179255511385e-05
1645	4	2.8912179255511385e-05
4911	4	2.8912179255511385e-05
6562	3	2.1684134441633537e-05
8908	3	2.1684134441633537e-05
4190	3	2.1684134441633537e-05
9900	3	2.1684134441633537e-05
12576	3	2.1684134441633537e-05
16384	3	2.1684134441633537e-05
13930	3	2.1684134441633537e-05
29577	3	2.1684134441633537e-05
16007	3	2.1684134441633537e-05
2650	3	2.1684134441633537e-05
6387	3	2.1684134441633537e-05
18699	3	2.1684134441633537e-05
14538	3	2.1684134441633537e-05
13730	3	2.1684134441633537e-05
8493	3	2.1684134441633537e-05
4338	3	2.1684134441633537e-05
12652	3	2.1684134441633537e-05
17227	3	2.1684134441633537e-05
3707	3	2.1684134441633537e-05
9309	3	2.1684134441633537e-05
5878	3	2.1684134441633537e-05
6411	3	2.1684134441633537e-05
406	3	2.1684134441633537e-05
21824	3	2.1684134441633537e-05
12234	3	2.1684134441633537e-05
18499	3	2.1684134441633537e-05
27574	3	2.1684134441633537e-05
27655	3	2.1684134441633537e-05
11151	3	2.1684134441633537e-05
24423	3	2.1684134441633537e-05
5842	3	2.1684134441633537e-05
27086	3	2.1684134441633537e-05
5702	3	2.1684134441633537e-05
5559	3	2.1684134441633537e-05
12203	3	2.1684134441633537e-05
18137	3	2.1684134441633537e-05
7975	3	2.1684134441633537e-05
15450	3	2.1684134441633537e-05
7774	3	2.1684134441633537e-05
7490	3	2.1684134441633537e-05
12971	3	2.1684134441633537e-05
24247	3	2.1684134441633537e-05
17325	3	2.1684134441633537e-05
22211	3	2.1684134441633537e-05
1488	3	2.1684134441633537e-05
29983	3	2.1684134441633537e-05
11609	3	2.1684134441633537e-05
21006	3	2.1684134441633537e-05
7908	3	2.1684134441633537e-05
28350	3	2.1684134441633537e-05
12349	3	2.1684134441633537e-05
8447	3	2.1684134441633537e-05
1687	3	2.1684134441633537e-05
23413	3	2.1684134441633537e-05
26067	3	2.1684134441633537e-05
2049	3	2.1684134441633537e-05
525	3	2.1684134441633537e-05
1794	3	2.1684134441633537e-05
13535	3	2.1684134441633537e-05
24813	3	2.1684134441633537e-05
21750	3	2.1684134441633537e-05
9847	3	2.1684134441633537e-05
2213	3	2.1684134441633537e-05
30438	3	2.1684134441633537e-05
3033	3	2.1684134441633537e-05
2330	3	2.1684134441633537e-05
20813	3	2.1684134441633537e-05
9338	3	2.1684134441633537e-05
1568	3	2.1684134441633537e-05
1396	3	2.1684134441633537e-05
21656	3	2.1684134441633537e-05
21322	3	2.1684134441633537e-05
2259	3	2.1684134441633537e-05
22515	3	2.1684134441633537e-05
2106	3	2.1684134441633537e-05
129	3	2.1684134441633537e-05
2522	3	2.1684134441633537e-05
25141	3	2.1684134441633537e-05
2826	3	2.1684134441633537e-05
3001	3	2.1684134441633537e-05
18467	3	2.1684134441633537e-05
16849	3	2.1684134441633537e-05
26793	3	2.1684134441633537e-05
2348	3	2.1684134441633537e-05
27405	3	2.1684134441633537e-05
22501	3	2.1684134441633537e-05
3142	3	2.1684134441633537e-05
26232	3	2.1684134441633537e-05
17634	3	2.1684134441633537e-05
14462	3	2.1684134441633537e-05
13640	3	2.1684134441633537e-05
9213	3	2.1684134441633537e-05
16376	3	2.1684134441633537e-05
4474	3	2.1684134441633537e-05
18060	3	2.1684134441633537e-05
17254	3	2.1684134441633537e-05
4223	3	2.1684134441633537e-05
14877	3	2.1684134441633537e-05
599	3	2.1684134441633537e-05
29064	3	2.1684134441633537e-05
321	3	2.1684134441633537e-05
29442	3	2.1684134441633537e-05
1678	3	2.1684134441633537e-05
11220	3	2.1684134441633537e-05
28408	3	2.1684134441633537e-05
317	3	2.1684134441633537e-05
15466	3	2.1684134441633537e-05
15841	3	2.1684134441633537e-05
14352	3	2.1684134441633537e-05
5617	3	2.1684134441633537e-05
95	3	2.1684134441633537e-05
1022	3	2.1684134441633537e-05
3494	3	2.1684134441633537e-05
24448	3	2.1684134441633537e-05
4510	3	2.1684134441633537e-05
29897	3	2.1684134441633537e-05
25126	3	2.1684134441633537e-05
9527	3	2.1684134441633537e-05
11129	3	2.1684134441633537e-05
20793	3	2.1684134441633537e-05
29470	3	2.1684134441633537e-05
12769	3	2.1684134441633537e-05
420	3	2.1684134441633537e-05
5212	3	2.1684134441633537e-05
5641	3	2.1684134441633537e-05
382	3	2.1684134441633537e-05
6501	3	2.1684134441633537e-05
6112	3	2.1684134441633537e-05
20923	3	2.1684134441633537e-05
44	3	2.1684134441633537e-05
13521	3	2.1684134441633537e-05
611	3	2.1684134441633537e-05
15167	3	2.1684134441633537e-05
714	3	2.1684134441633537e-05
19436	3	2.1684134441633537e-05
10046	3	2.1684134441633537e-05
26847	3	2.1684134441633537e-05
5609	3	2.1684134441633537e-05
17604	3	2.1684134441633537e-05
20127	3	2.1684134441633537e-05
18031	3	2.1684134441633537e-05
1144	3	2.1684134441633537e-05
19301	3	2.1684134441633537e-05
11814	3	2.1684134441633537e-05
28568	3	2.1684134441633537e-05
1580	3	2.1684134441633537e-05
15028	3	2.1684134441633537e-05
22473	3	2.1684134441633537e-05
8469	3	2.1684134441633537e-05
7264	3	2.1684134441633537e-05
29551	3	2.1684134441633537e-05
23924	3	2.1684134441633537e-05
2791	3	2.1684134441633537e-05
9782	3	2.1684134441633537e-05
4172	3	2.1684134441633537e-05
10896	3	2.1684134441633537e-05
22762	3	2.1684134441633537e-05
23216	3	2.1684134441633537e-05
6001	3	2.1684134441633537e-05
658	3	2.1684134441633537e-05
162	3	2.1684134441633537e-05
30331	3	2.1684134441633537e-05
2114	3	2.1684134441633537e-05
15619	3	2.1684134441633537e-05
19477	3	2.1684134441633537e-05
654	3	2.1684134441633537e-05
17233	3	2.1684134441633537e-05
28596	3	2.1684134441633537e-05
16661	3	2.1684134441633537e-05
21387	3	2.1684134441633537e-05
11979	3	2.1684134441633537e-05
5654	3	2.1684134441633537e-05
28933	3	2.1684134441633537e-05
5518	3	2.1684134441633537e-05
19296	3	2.1684134441633537e-05
13115	3	2.1684134441633537e-05
29966	2	1.4456089627755692e-05
25524	2	1.4456089627755692e-05
20190	2	1.4456089627755692e-05
26394	2	1.4456089627755692e-05
29142	2	1.4456089627755692e-05
7360	2	1.4456089627755692e-05
2397	2	1.4456089627755692e-05
4817	2	1.4456089627755692e-05
29881	2	1.4456089627755692e-05
7281	2	1.4456089627755692e-05
24372	2	1.4456089627755692e-05
4206	2	1.4456089627755692e-05
4260	2	1.4456089627755692e-05
28687	2	1.4456089627755692e-05
5506	2	1.4456089627755692e-05
9575	2	1.4456089627755692e-05
9486	2	1.4456089627755692e-05
177	2	1.4456089627755692e-05
23984	2	1.4456089627755692e-05
1369	2	1.4456089627755692e-05
3251	2	1.4456089627755692e-05
29464	2	1.4456089627755692e-05
13648	2	1.4456089627755692e-05
569	2	1.4456089627755692e-05
19902	2	1.4456089627755692e-05
10242	2	1.4456089627755692e-05
518	2	1.4456089627755692e-05
17969	2	1.4456089627755692e-05
25495	2	1.4456089627755692e-05
15432	2	1.4456089627755692e-05
15974	2	1.4456089627755692e-05
6951	2	1.4456089627755692e-05
4720	2	1.4456089627755692e-05
27820	2	1.4456089627755692e-05
27940	2	1.4456089627755692e-05
26979	2	1.4456089627755692e-05
11442	2	1.4456089627755692e-05
2034	2	1.4456089627755692e-05
29905	2	1.4456089627755692e-05
30151	2	1.4456089627755692e-05
4738	2	1.4456089627755692e-05
11620	2	1.4456089627755692e-05
12655	2	1.4456089627755692e-05
20551	2	1.4456089627755692e-05
2283	2	1.4456089627755692e-05
2440	2	1.4456089627755692e-05
28494	2	1.4456089627755692e-05
22312	2	1.4456089627755692e-05
12497	2	1.4456089627755692e-05
22792	2	1.4456089627755692e-05
6126	2	1.4456089627755692e-05
11138	2	1.4456089627755692e-05
7262	2	1.4456089627755692e-05
26099	2	1.4456089627755692e-05
4845	2	1.4456089627755692e-05
1360	2	1.4456089627755692e-05
4013	2	1.4456089627755692e-05
9324	2	1.4456089627755692e-05
618	2	1.4456089627755692e-05
27488	2	1.4456089627755692e-05
27201	2	1.4456089627755692e-05
9540	2	1.4456089627755692e-05
5561	2	1.4456089627755692e-05
8163	2	1.4456089627755692e-05
4207	2	1.4456089627755692e-05
5156	2	1.4456089627755692e-05
3958	2	1.4456089627755692e-05
4502	2	1.4456089627755692e-05
23393	2	1.4456089627755692e-05
17727	2	1.4456089627755692e-05
5014	2	1.4456089627755692e-05
18510	2	1.4456089627755692e-05
17469	2	1.4456089627755692e-05
9152	2	1.4456089627755692e-05
11586	2	1.4456089627755692e-05
4881	2	1.4456089627755692e-05
4418	2	1.4456089627755692e-05
18517	2	1.4456089627755692e-05
14260	2	1.4456089627755692e-05
7709	2	1.4456089627755692e-05
21396	2	1.4456089627755692e-05
27108	2	1.4456089627755692e-05
11755	2	1.4456089627755692e-05
9525	2	1.4456089627755692e-05
3063	2	1.4456089627755692e-05
2660	2	1.4456089627755692e-05
4452	2	1.4456089627755692e-05
18289	2	1.4456089627755692e-05
19993	2	1.4456089627755692e-05
3202	2	1.4456089627755692e-05
3714	2	1.4456089627755692e-05
28416	2	1.4456089627755692e-05
12723	2	1.4456089627755692e-05
1508	2	1.4456089627755692e-05
7782	2	1.4456089627755692e-05
20143	2	1.4456089627755692e-05
1497	2	1.4456089627755692e-05
11140	2	1.4456089627755692e-05
3529	2	1.4456089627755692e-05
10610	2	1.4456089627755692e-05
25974	2	1.4456089627755692e-05
9522	2	1.4456089627755692e-05
18820	2	1.4456089627755692e-05
10166	2	1.4456089627755692e-05
9721	2	1.4456089627755692e-05
17665	2	1.4456089627755692e-05
437	2	1.4456089627755692e-05
3905	2	1.4456089627755692e-05
11605	2	1.4456089627755692e-05
617	2	1.4456089627755692e-05
246	2	1.4456089627755692e-05
23057	2	1.4456089627755692e-05
17162	2	1.4456089627755692e-05
4940	2	1.4456089627755692e-05
19569	2	1.4456089627755692e-05
13446	2	1.4456089627755692e-05
5298	2	1.4456089627755692e-05
24660	2	1.4456089627755692e-05
26418	2	1.4456089627755692e-05
10412	2	1.4456089627755692e-05
257	2	1.4456089627755692e-05
8654	2	1.4456089627755692e-05
2940	2	1.4456089627755692e-05
6591	2	1.4456089627755692e-05
21404	2	1.4456089627755692e-05
5250	2	1.4456089627755692e-05
23320	2	1.4456089627755692e-05
5410	2	1.4456089627755692e-05
1840	2	1.4456089627755692e-05
1353	2	1.4456089627755692e-05
2686	2	1.4456089627755692e-05
6144	2	1.4456089627755692e-05
10008	2	1.4456089627755692e-05
7114	2	1.4456089627755692e-05
27872	2	1.4456089627755692e-05
17089	2	1.4456089627755692e-05
6394	2	1.4456089627755692e-05
12554	2	1.4456089627755692e-05
13306	2	1.4456089627755692e-05
29648	2	1.4456089627755692e-05
5456	2	1.4456089627755692e-05
6461	2	1.4456089627755692e-05
27445	2	1.4456089627755692e-05
3911	2	1.4456089627755692e-05
13413	2	1.4456089627755692e-05
19772	2	1.4456089627755692e-05
25689	2	1.4456089627755692e-05
9134	2	1.4456089627755692e-05
24931	2	1.4456089627755692e-05
12985	2	1.4456089627755692e-05
27485	2	1.4456089627755692e-05
20796	2	1.4456089627755692e-05
3134	2	1.4456089627755692e-05
2505	2	1.4456089627755692e-05
6087	2	1.4456089627755692e-05
18492	2	1.4456089627755692e-05
5996	2	1.4456089627755692e-05
28581	2	1.4456089627755692e-05
13775	2	1.4456089627755692e-05
11100	2	1.4456089627755692e-05
12367	2	1.4456089627755692e-05
18222	2	1.4456089627755692e-05
15648	2	1.4456089627755692e-05
11674	2	1.4456089627755692e-05
28600	2	1.4456089627755692e-05
28381	2	1.4456089627755692e-05
11305	2	1.4456089627755692e-05
9484	2	1.4456089627755692e-05
1343	2	1.4456089627755692e-05
18647	2	1.4456089627755692e-05
5140	2	1.4456089627755692e-05
4176	2	1.4456089627755692e-05
2407	2	1.4456089627755692e-05
13525	2	1.4456089627755692e-05
28027	2	1.4456089627755692e-05
27053	2	1.4456089627755692e-05
8476	2	1.4456089627755692e-05
16486	2	1.4456089627755692e-05
17773	2	1.4456089627755692e-05
4907	2	1.4456089627755692e-05
11517	2	1.4456089627755692e-05
147	2	1.4456089627755692e-05
6852	2	1.4456089627755692e-05
14400	2	1.4456089627755692e-05
11303	2	1.4456089627755692e-05
10068	2	1.4456089627755692e-05
12659	2	1.4456089627755692e-05
22758	2	1.4456089627755692e-05
22269	2	1.4456089627755692e-05
4259	2	1.4456089627755692e-05
14640	2	1.4456089627755692e-05
26262	2	1.4456089627755692e-05
2473	2	1.4456089627755692e-05
11726	2	1.4456089627755692e-05
16751	2	1.4456089627755692e-05
20213	2	1.4456089627755692e-05
3747	2	1.4456089627755692e-05
14025	2	1.4456089627755692e-05
5145	2	1.4456089627755692e-05
431	2	1.4456089627755692e-05
5079	2	1.4456089627755692e-05
12251	2	1.4456089627755692e-05
328	2	1.4456089627755692e-05
1034	2	1.4456089627755692e-05
12209	2	1.4456089627755692e-05
11325	2	1.4456089627755692e-05
10777	2	1.4456089627755692e-05
7759	2	1.4456089627755692e-05
10449	2	1.4456089627755692e-05
25318	2	1.4456089627755692e-05
13484	2	1.4456089627755692e-05
26659	2	1.4456089627755692e-05
39	2	1.4456089627755692e-05
19236	2	1.4456089627755692e-05
27653	2	1.4456089627755692e-05
11018	2	1.4456089627755692e-05
13564	2	1.4456089627755692e-05
29414	2	1.4456089627755692e-05
22183	2	1.4456089627755692e-05
15539	2	1.4456089627755692e-05
12846	2	1.4456089627755692e-05
24366	2	1.4456089627755692e-05
21453	2	1.4456089627755692e-05
11458	2	1.4456089627755692e-05
14140	2	1.4456089627755692e-05
24381	2	1.4456089627755692e-05
22754	2	1.4456089627755692e-05
17716	2	1.4456089627755692e-05
29300	2	1.4456089627755692e-05
182	2	1.4456089627755692e-05
172	2	1.4456089627755692e-05
24641	2	1.4456089627755692e-05
27513	2	1.4456089627755692e-05
13547	2	1.4456089627755692e-05
1117	2	1.4456089627755692e-05
11217	2	1.4456089627755692e-05
24656	2	1.4456089627755692e-05
24203	2	1.4456089627755692e-05
3486	2	1.4456089627755692e-05
3997	2	1.4456089627755692e-05
3243	2	1.4456089627755692e-05
12894	2	1.4456089627755692e-05
15597	2	1.4456089627755692e-05
28092	2	1.4456089627755692e-05
14981	2	1.4456089627755692e-05
6425	2	1.4456089627755692e-05
19963	2	1.4456089627755692e-05
24053	2	1.4456089627755692e-05
22800	2	1.4456089627755692e-05
8548	2	1.4456089627755692e-05
24070	2	1.4456089627755692e-05
641	2	1.4456089627755692e-05
21063	2	1.4456089627755692e-05
20633	2	1.4456089627755692e-05
21591	2	1.4456089627755692e-05
3474	2	1.4456089627755692e-05
11665	2	1.4456089627755692e-05
3393	2	1.4456089627755692e-05
28746	2	1.4456089627755692e-05
10663	2	1.4456089627755692e-05
14075	2	1.4456089627755692e-05
13256	2	1.4456089627755692e-05
11342	2	1.4456089627755692e-05
3886	2	1.4456089627755692e-05
6342	2	1.4456089627755692e-05
309	2	1.4456089627755692e-05
20207	2	1.4456089627755692e-05
23366	2	1.4456089627755692e-05
12220	2	1.4456089627755692e-05
9475	2	1.4456089627755692e-05
22940	2	1.4456089627755692e-05
19944	2	1.4456089627755692e-05
3684	2	1.4456089627755692e-05
2529	2	1.4456089627755692e-05
25919	2	1.4456089627755692e-05
12801	2	1.4456089627755692e-05
18892	2	1.4456089627755692e-05
12042	2	1.4456089627755692e-05
4212	2	1.4456089627755692e-05
5605	2	1.4456089627755692e-05
20101	2	1.4456089627755692e-05
11863	2	1.4456089627755692e-05
4760	2	1.4456089627755692e-05
240	2	1.4456089627755692e-05
21161	2	1.4456089627755692e-05
26326	2	1.4456089627755692e-05
5681	2	1.4456089627755692e-05
26956	2	1.4456089627755692e-05
1386	2	1.4456089627755692e-05
5815	2	1.4456089627755692e-05
15022	2	1.4456089627755692e-05
25364	2	1.4456089627755692e-05
20464	2	1.4456089627755692e-05
2166	1	7.228044813877846e-06
23106	1	7.228044813877846e-06
14491	1	7.228044813877846e-06
68	1	7.228044813877846e-06
10554	1	7.228044813877846e-06
18714	1	7.228044813877846e-06
10675	1	7.228044813877846e-06
21728	1	7.228044813877846e-06
6293	1	7.228044813877846e-06
15631	1	7.228044813877846e-06
26476	1	7.228044813877846e-06
21814	1	7.228044813877846e-06
4219	1	7.228044813877846e-06
16122	1	7.228044813877846e-06
25552	1	7.228044813877846e-06
29759	1	7.228044813877846e-06
21687	1	7.228044813877846e-06
15017	1	7.228044813877846e-06
1011	1	7.228044813877846e-06
25148	1	7.228044813877846e-06
2001	1	7.228044813877846e-06
10236	1	7.228044813877846e-06
9360	1	7.228044813877846e-06
2741	1	7.228044813877846e-06
20645	1	7.228044813877846e-06
6799	1	7.228044813877846e-06
5544	1	7.228044813877846e-06
4010	1	7.228044813877846e-06
13791	1	7.228044813877846e-06
7167	1	7.228044813877846e-06
8695	1	7.228044813877846e-06
6616	1	7.228044813877846e-06
9787	1	7.228044813877846e-06
17003	1	7.228044813877846e-06
16254	1	7.228044813877846e-06
2243	1	7.228044813877846e-06
24938	1	7.228044813877846e-06
15643	1	7.228044813877846e-06
878	1	7.228044813877846e-06
24527	1	7.228044813877846e-06
4832	1	7.228044813877846e-06
6848	1	7.228044813877846e-06
18399	1	7.228044813877846e-06
22820	1	7.228044813877846e-06
11182	1	7.228044813877846e-06
6542	1	7.228044813877846e-06
4585	1	7.228044813877846e-06
22236	1	7.228044813877846e-06
471	1	7.228044813877846e-06
6466	1	7.228044813877846e-06
28689	1	7.228044813877846e-06
1443	1	7.228044813877846e-06
2141	1	7.228044813877846e-06
8229	1	7.228044813877846e-06
12385	1	7.228044813877846e-06
2441	1	7.228044813877846e-06
11284	1	7.228044813877846e-06
574	1	7.228044813877846e-06
6611	1	7.228044813877846e-06
7188	1	7.228044813877846e-06
1810	1	7.228044813877846e-06
8614	1	7.228044813877846e-06
5287	1	7.228044813877846e-06
9085	1	7.228044813877846e-06
19873	1	7.228044813877846e-06
6757	1	7.228044813877846e-06
9563	1	7.228044813877846e-06
13039	1	7.228044813877846e-06
976	1	7.228044813877846e-06
17836	1	7.228044813877846e-06
18461	1	7.228044813877846e-06
3788	1	7.228044813877846e-06
270	1	7.228044813877846e-06
2572	1	7.228044813877846e-06
16445	1	7.228044813877846e-06
19410	1	7.228044813877846e-06
3369	1	7.228044813877846e-06
14741	1	7.228044813877846e-06
3172	1	7.228044813877846e-06
9595	1	7.228044813877846e-06
7119	1	7.228044813877846e-06
4288	1	7.228044813877846e-06
1212	1	7.228044813877846e-06
6181	1	7.228044813877846e-06
10823	1	7.228044813877846e-06
11383	1	7.228044813877846e-06
977	1	7.228044813877846e-06
425	1	7.228044813877846e-06
11550	1	7.228044813877846e-06
14542	1	7.228044813877846e-06
11754	1	7.228044813877846e-06
690	1	7.228044813877846e-06
4769	1	7.228044813877846e-06
5165	1	7.228044813877846e-06
7720	1	7.228044813877846e-06
2764	1	7.228044813877846e-06
453	1	7.228044813877846e-06
16120	1	7.228044813877846e-06
14805	1	7.228044813877846e-06
3772	1	7.228044813877846e-06
7465	1	7.228044813877846e-06
24747	1	7.228044813877846e-06
2073	1	7.228044813877846e-06
30184	1	7.228044813877846e-06
7080	1	7.228044813877846e-06
29741	1	7.228044813877846e-06
11324	1	7.228044813877846e-06
2081	1	7.228044813877846e-06
1435	1	7.228044813877846e-06
19689	1	7.228044813877846e-06
330	1	7.228044813877846e-06
24691	1	7.228044813877846e-06
315	1	7.228044813877846e-06
4915	1	7.228044813877846e-06
13310	1	7.228044813877846e-06
29787	1	7.228044813877846e-06
21719	1	7.228044813877846e-06
1288	1	7.228044813877846e-06
4046	1	7.228044813877846e-06
527	1	7.228044813877846e-06
249	1	7.228044813877846e-06
30362	1	7.228044813877846e-06
12618	1	7.228044813877846e-06
13406	1	7.228044813877846e-06
288	1	7.228044813877846e-06
11531	1	7.228044813877846e-06
3228	1	7.228044813877846e-06
929	1	7.228044813877846e-06
373	1	7.228044813877846e-06
2684	1	7.228044813877846e-06
5370	1	7.228044813877846e-06
29700	1	7.228044813877846e-06
1885	1	7.228044813877846e-06
16379	1	7.228044813877846e-06
15835	1	7.228044813877846e-06
9792	1	7.228044813877846e-06
6072	1	7.228044813877846e-06
28745	1	7.228044813877846e-06
28898	1	7.228044813877846e-06
15559	1	7.228044813877846e-06
6154	1	7.228044813877846e-06
15603	1	7.228044813877846e-06
4075	1	7.228044813877846e-06
3195	1	7.228044813877846e-06
4270	1	7.228044813877846e-06
15311	1	7.228044813877846e-06
716	1	7.228044813877846e-06
14204	1	7.228044813877846e-06
8199	1	7.228044813877846e-06
2745	1	7.228044813877846e-06
11689	1	7.228044813877846e-06
11505	1	7.228044813877846e-06
7253	1	7.228044813877846e-06
6626	1	7.228044813877846e-06
22232	1	7.228044813877846e-06
1869	1	7.228044813877846e-06
1012	1	7.228044813877846e-06
28880	1	7.228044813877846e-06
114	1	7.228044813877846e-06
8401	1	7.228044813877846e-06
5234	1	7.228044813877846e-06
5982	1	7.228044813877846e-06
9443	1	7.228044813877846e-06
19116	1	7.228044813877846e-06
259	1	7.228044813877846e-06
3138	1	7.228044813877846e-06
9678	1	7.228044813877846e-06
1768	1	7.228044813877846e-06
6023	1	7.228044813877846e-06
623	1	7.228044813877846e-06
23347	1	7.228044813877846e-06
5069	1	7.228044813877846e-06
10821	1	7.228044813877846e-06
13759	1	7.228044813877846e-06
12068	1	7.228044813877846e-06
3472	1	7.228044813877846e-06
28375	1	7.228044813877846e-06
21359	1	7.228044813877846e-06
23756	1	7.228044813877846e-06
9627	1	7.228044813877846e-06
2065	1	7.228044813877846e-06
11071	1	7.228044813877846e-06
20739	1	7.228044813877846e-06
12094	1	7.228044813877846e-06
29050	1	7.228044813877846e-06
2721	1	7.228044813877846e-06
16949	1	7.228044813877846e-06
9755	1	7.228044813877846e-06
5033	1	7.228044813877846e-06
7823	1	7.228044813877846e-06
18682	1	7.228044813877846e-06
2846	1	7.228044813877846e-06
26935	1	7.228044813877846e-06
10011	1	7.228044813877846e-06
307	1	7.228044813877846e-06
6691	1	7.228044813877846e-06
6648	1	7.228044813877846e-06
28716	1	7.228044813877846e-06
1090	1	7.228044813877846e-06
28072	1	7.228044813877846e-06
3159	1	7.228044813877846e-06
8112	1	7.228044813877846e-06
24258	1	7.228044813877846e-06
4656	1	7.228044813877846e-06
25912	1	7.228044813877846e-06
14185	1	7.228044813877846e-06
29332	1	7.228044813877846e-06
8540	1	7.228044813877846e-06
20413	1	7.228044813877846e-06
4146	1	7.228044813877846e-06
1882	1	7.228044813877846e-06
253	1	7.228044813877846e-06
17880	1	7.228044813877846e-06
20907	1	7.228044813877846e-06
1997	1	7.228044813877846e-06
3173	1	7.228044813877846e-06
1310	1	7.228044813877846e-06
21967	1	7.228044813877846e-06
7235	1	7.228044813877846e-06
29940	1	7.228044813877846e-06
15797	1	7.228044813877846e-06
25245	1	7.228044813877846e-06
5041	1	7.228044813877846e-06
11802	1	7.228044813877846e-06
24801	1	7.228044813877846e-06
4981	1	7.228044813877846e-06
26789	1	7.228044813877846e-06
10303	1	7.228044813877846e-06
15937	1	7.228044813877846e-06
2405	1	7.228044813877846e-06
15807	1	7.228044813877846e-06
9044	1	7.228044813877846e-06
4299	1	7.228044813877846e-06
24190	1	7.228044813877846e-06
24778	1	7.228044813877846e-06
16419	1	7.228044813877846e-06
21538	1	7.228044813877846e-06
16728	1	7.228044813877846e-06
16369	1	7.228044813877846e-06
17764	1	7.228044813877846e-06
19164	1	7.228044813877846e-06
17830	1	7.228044813877846e-06
12620	1	7.228044813877846e-06
4365	1	7.228044813877846e-06
112	1	7.228044813877846e-06
23336	1	7.228044813877846e-06
3330	1	7.228044813877846e-06
8150	1	7.228044813877846e-06
8257	1	7.228044813877846e-06
1903	1	7.228044813877846e-06
18707	1	7.228044813877846e-06
3120	1	7.228044813877846e-06
9124	1	7.228044813877846e-06
7001	1	7.228044813877846e-06
28793	1	7.228044813877846e-06
25597	1	7.228044813877846e-06
11724	1	7.228044813877846e-06
17364	1	7.228044813877846e-06
17169	1	7.228044813877846e-06
1558	1	7.228044813877846e-06
11070	1	7.228044813877846e-06
20121	1	7.228044813877846e-06
27577	1	7.228044813877846e-06
12802	1	7.228044813877846e-06
14694	1	7.228044813877846e-06
11818	1	7.228044813877846e-06
4400	1	7.228044813877846e-06
18804	1	7.228044813877846e-06
7706	1	7.228044813877846e-06
8581	1	7.228044813877846e-06
1994	1	7.228044813877846e-06
28184	1	7.228044813877846e-06
6778	1	7.228044813877846e-06
3639	1	7.228044813877846e-06
3176	1	7.228044813877846e-06
1906	1	7.228044813877846e-06
6897	1	7.228044813877846e-06
5054	1	7.228044813877846e-06
814	1	7.228044813877846e-06
13672	1	7.228044813877846e-06
4505	1	7.228044813877846e-06
6266	1	7.228044813877846e-06
3038	1	7.228044813877846e-06
8777	1	7.228044813877846e-06
26491	1	7.228044813877846e-06
5141	1	7.228044813877846e-06
10324	1	7.228044813877846e-06
312	1	7.228044813877846e-06
14317	1	7.228044813877846e-06
292	1	7.228044813877846e-06
4168	1	7.228044813877846e-06
15935	1	7.228044813877846e-06
27194	1	7.228044813877846e-06
31	1	7.228044813877846e-06
9816	1	7.228044813877846e-06
2861	1	7.228044813877846e-06
9425	1	7.228044813877846e-06
21405	1	7.228044813877846e-06
15105	1	7.228044813877846e-06
16114	1	7.228044813877846e-06
6462	1	7.228044813877846e-06
15536	1	7.228044813877846e-06
20773	1	7.228044813877846e-06
8152	1	7.228044813877846e-06
19290	1	7.228044813877846e-06
14072	1	7.228044813877846e-06
27329	1	7.228044813877846e-06
16920	1	7.228044813877846e-06
558	1	7.228044813877846e-06
9807	1	7.228044813877846e-06
665	1	7.228044813877846e-06
13490	1	7.228044813877846e-06
8923	1	7.228044813877846e-06
30398	1	7.228044813877846e-06
10404	1	7.228044813877846e-06
5036	1	7.228044813877846e-06
3660	1	7.228044813877846e-06
10001	1	7.228044813877846e-06
26484	1	7.228044813877846e-06
1183	1	7.228044813877846e-06
6592	1	7.228044813877846e-06
17458	1	7.228044813877846e-06
2148	1	7.228044813877846e-06
2307	1	7.228044813877846e-06
6745	1	7.228044813877846e-06
556	1	7.228044813877846e-06
3252	1	7.228044813877846e-06
26255	1	7.228044813877846e-06
9036	1	7.228044813877846e-06
20046	1	7.228044813877846e-06
9954	1	7.228044813877846e-06
17302	1	7.228044813877846e-06
27127	1	7.228044813877846e-06
10819	1	7.228044813877846e-06
6654	1	7.228044813877846e-06
7038	1	7.228044813877846e-06
3491	1	7.228044813877846e-06
7627	1	7.228044813877846e-06
29038	1	7.228044813877846e-06
18772	1	7.228044813877846e-06
300	1	7.228044813877846e-06
4298	1	7.228044813877846e-06
8734	1	7.228044813877846e-06
16302	1	7.228044813877846e-06
1781	1	7.228044813877846e-06
21487	1	7.228044813877846e-06
20758	1	7.228044813877846e-06
29673	1	7.228044813877846e-06
660	1	7.228044813877846e-06
13224	1	7.228044813877846e-06
26588	1	7.228044813877846e-06
2859	1	7.228044813877846e-06
2476	1	7.228044813877846e-06
7886	1	7.228044813877846e-06
26756	1	7.228044813877846e-06
22878	1	7.228044813877846e-06
1237	1	7.228044813877846e-06
17095	1	7.228044813877846e-06
5562	1	7.228044813877846e-06
14217	1	7.228044813877846e-06
19115	1	7.228044813877846e-06
29248	1	7.228044813877846e-06
22643	1	7.228044813877846e-06
10098	1	7.228044813877846e-06
5513	1	7.228044813877846e-06
16088	1	7.228044813877846e-06
8959	1	7.228044813877846e-06
6753	1	7.228044813877846e-06
21416	1	7.228044813877846e-06
16180	1	7.228044813877846e-06
9389	1	7.228044813877846e-06
14082	1	7.228044813877846e-06
18563	1	7.228044813877846e-06
18725	1	7.228044813877846e-06
6265	1	7.228044813877846e-06
16250	1	7.228044813877846e-06
3382	1	7.228044813877846e-06
6303	1	7.228044813877846e-06
7694	1	7.228044813877846e-06
8153	1	7.228044813877846e-06
3331	1	7.228044813877846e-06
2180	1	7.228044813877846e-06
1338	1	7.228044813877846e-06
2219	1	7.228044813877846e-06
9298	1	7.228044813877846e-06
12443	1	7.228044813877846e-06
11910	1	7.228044813877846e-06
13566	1	7.228044813877846e-06
14998	1	7.228044813877846e-06
8857	1	7.228044813877846e-06
53	1	7.228044813877846e-06
11712	1	7.228044813877846e-06
3070	1	7.228044813877846e-06
135	1	7.228044813877846e-06
27414	1	7.228044813877846e-06
5296	1	7.228044813877846e-06
11262	1	7.228044813877846e-06
11697	1	7.228044813877846e-06
7524	1	7.228044813877846e-06
27085	1	7.228044813877846e-06
18266	1	7.228044813877846e-06
13073	1	7.228044813877846e-06
6675	1	7.228044813877846e-06
27361	1	7.228044813877846e-06
26213	1	7.228044813877846e-06
25774	1	7.228044813877846e-06
20605	1	7.228044813877846e-06
26211	1	7.228044813877846e-06
717	1	7.228044813877846e-06
9538	1	7.228044813877846e-06
12232	1	7.228044813877846e-06
27440	1	7.228044813877846e-06
22925	1	7.228044813877846e-06
27845	1	7.228044813877846e-06
29364	1	7.228044813877846e-06
8293	1	7.228044813877846e-06
1397	1	7.228044813877846e-06
3198	1	7.228044813877846e-06
4908	1	7.228044813877846e-06
8754	1	7.228044813877846e-06
7059	1	7.228044813877846e-06
9024	1	7.228044813877846e-06
12219	1	7.228044813877846e-06
8299	1	7.228044813877846e-06
22336	1	7.228044813877846e-06
16345	1	7.228044813877846e-06
23975	1	7.228044813877846e-06
26006	1	7.228044813877846e-06
10724	1	7.228044813877846e-06
2993	1	7.228044813877846e-06
10784	1	7.228044813877846e-06
26561	1	7.228044813877846e-06
29202	1	7.228044813877846e-06
10474	1	7.228044813877846e-06
7654	1	7.228044813877846e-06
13935	1	7.228044813877846e-06
18017	1	7.228044813877846e-06
17851	1	7.228044813877846e-06
8613	1	7.228044813877846e-06
15264	1	7.228044813877846e-06
11902	1	7.228044813877846e-06
7347	1	7.228044813877846e-06
5124	1	7.228044813877846e-06
13941	1	7.228044813877846e-06
3450	1	7.228044813877846e-06
7143	1	7.228044813877846e-06
7559	1	7.228044813877846e-06
26108	1	7.228044813877846e-06
5707	1	7.228044813877846e-06
1231	1	7.228044813877846e-06
1163	1	7.228044813877846e-06
1803	1	7.228044813877846e-06
21697	1	7.228044813877846e-06
24168	1	7.228044813877846e-06
1024	1	7.228044813877846e-06
2381	1	7.228044813877846e-06
2762	1	7.228044813877846e-06
5663	1	7.228044813877846e-06
762	1	7.228044813877846e-06
6970	1	7.228044813877846e-06
4654	1	7.228044813877846e-06
18698	1	7.228044813877846e-06
7186	1	7.228044813877846e-06
5498	1	7.228044813877846e-06
1961	1	7.228044813877846e-06
19660	1	7.228044813877846e-06
551	1	7.228044813877846e-06
10917	1	7.228044813877846e-06
13304	1	7.228044813877846e-06
22282	1	7.228044813877846e-06
16956	1	7.228044813877846e-06
12260	1	7.228044813877846e-06
1818	1	7.228044813877846e-06
23588	1	7.228044813877846e-06
10203	1	7.228044813877846e-06
5226	1	7.228044813877846e-06
28227	1	7.228044813877846e-06
2176	1	7.228044813877846e-06
25208	1	7.228044813877846e-06
20322	1	7.228044813877846e-06
11643	1	7.228044813877846e-06
6984	1	7.228044813877846e-06
14412	1	7.228044813877846e-06
4490	1	7.228044813877846e-06
26205	1	7.228044813877846e-06
1573	1	7.228044813877846e-06
15980	1	7.228044813877846e-06
12560	1	7.228044813877846e-06
21291	1	7.228044813877846e-06
4373	1	7.228044813877846e-06
842	1	7.228044813877846e-06
22307	1	7.228044813877846e-06
3473	1	7.228044813877846e-06
6306	1	7.228044813877846e-06
5248	1	7.228044813877846e-06
28843	1	7.228044813877846e-06
14302	1	7.228044813877846e-06
20264	1	7.228044813877846e-06
4480	1	7.228044813877846e-06
22027	1	7.228044813877846e-06
8337	1	7.228044813877846e-06
12970	1	7.228044813877846e-06
9706	1	7.228044813877846e-06
6962	1	7.228044813877846e-06
15270	1	7.228044813877846e-06
3771	1	7.228044813877846e-06
15173	1	7.228044813877846e-06
3200	1	7.228044813877846e-06
7478	1	7.228044813877846e-06
14111	1	7.228044813877846e-06
20827	1	7.228044813877846e-06
1407	1	7.228044813877846e-06
1131	1	7.228044813877846e-06
7844	1	7.228044813877846e-06
27626	1	7.228044813877846e-06
11002	1	7.228044813877846e-06
4603	1	7.228044813877846e-06
2032	1	7.228044813877846e-06
21168	1	7.228044813877846e-06
788	1	7.228044813877846e-06
3068	1	7.228044813877846e-06
25203	1	7.228044813877846e-06
9310	1	7.228044813877846e-06
24038	1	7.228044813877846e-06
9573	1	7.228044813877846e-06
603	1	7.228044813877846e-06
10652	1	7.228044813877846e-06
15658	1	7.228044813877846e-06
13494	1	7.228044813877846e-06
6367	1	7.228044813877846e-06
29611	1	7.228044813877846e-06
634	1	7.228044813877846e-06
18989	1	7.228044813877846e-06
2974	1	7.228044813877846e-06
17010	1	7.228044813877846e-06
23332	1	7.228044813877846e-06
5900	1	7.228044813877846e-06
6854	1	7.228044813877846e-06
6390	1	7.228044813877846e-06
76	1	7.228044813877846e-06
22071	1	7.228044813877846e-06
4628	1	7.228044813877846e-06
17121	1	7.228044813877846e-06
6030	1	7.228044813877846e-06
2592	1	7.228044813877846e-06
6866	1	7.228044813877846e-06
8033	1	7.228044813877846e-06
4324	1	7.228044813877846e-06
17967	1	7.228044813877846e-06
10002	1	7.228044813877846e-06
295	1	7.228044813877846e-06
5521	1	7.228044813877846e-06
14289	1	7.228044813877846e-06
1751	1	7.228044813877846e-06
3399	1	7.228044813877846e-06
24944	1	7.228044813877846e-06
369	1	7.228044813877846e-06
3931	1	7.228044813877846e-06
9704	1	7.228044813877846e-06
439	1	7.228044813877846e-06
21194	1	7.228044813877846e-06
19827	1	7.228044813877846e-06
12977	1	7.228044813877846e-06
12434	1	7.228044813877846e-06
15750	1	7.228044813877846e-06
2964	1	7.228044813877846e-06
17220	1	7.228044813877846e-06
15235	1	7.228044813877846e-06
28847	1	7.228044813877846e-06
16327	1	7.228044813877846e-06
2161	1	7.228044813877846e-06
25707	1	7.228044813877846e-06
22315	1	7.228044813877846e-06
16429	1	7.228044813877846e-06
15824	1	7.228044813877846e-06
19787	1	7.228044813877846e-06
10713	1	7.228044813877846e-06
10277	1	7.228044813877846e-06
16516	1	7.228044813877846e-06
9058	1	7.228044813877846e-06
5667	1	7.228044813877846e-06
3246	1	7.228044813877846e-06
13766	1	7.228044813877846e-06
18798	1	7.228044813877846e-06
12767	1	7.228044813877846e-06
15570	1	7.228044813877846e-06
17186	1	7.228044813877846e-06
9539	1	7.228044813877846e-06
275	1	7.228044813877846e-06
6330	1	7.228044813877846e-06
5017	1	7.228044813877846e-06
30431	1	7.228044813877846e-06
15501	1	7.228044813877846e-06
3275	1	7.228044813877846e-06
2546	1	7.228044813877846e-06
16624	1	7.228044813877846e-06
12303	1	7.228044813877846e-06
2485	1	7.228044813877846e-06
19291	1	7.228044813877846e-06
1715	1	7.228044813877846e-06
20679	1	7.228044813877846e-06
23215	1	7.228044813877846e-06
12931	1	7.228044813877846e-06
11400	1	7.228044813877846e-06
30533	1	7.228044813877846e-06
7898	1	7.228044813877846e-06
5430	1	7.228044813877846e-06
23666	1	7.228044813877846e-06
352	1	7.228044813877846e-06
6353	1	7.228044813877846e-06
1886	1	7.228044813877846e-06
19287	1	7.228044813877846e-06
837	1	7.228044813877846e-06
12886	1	7.228044813877846e-06
8110	1	7.228044813877846e-06
29360	1	7.228044813877846e-06
20397	1	7.228044813877846e-06
4134	1	7.228044813877846e-06
1764	1	7.228044813877846e-06
2973	1	7.228044813877846e-06
4747	1	7.228044813877846e-06
26953	1	7.228044813877846e-06
4862	1	7.228044813877846e-06
9052	1	7.228044813877846e-06
11810	1	7.228044813877846e-06
7419	1	7.228044813877846e-06
1671	1	7.228044813877846e-06
14449	1	7.228044813877846e-06
4683	1	7.228044813877846e-06
24259	1	7.228044813877846e-06
14493	1	7.228044813877846e-06
29151	1	7.228044813877846e-06
10124	1	7.228044813877846e-06
10127	1	7.228044813877846e-06
14828	1	7.228044813877846e-06
18346	1	7.228044813877846e-06
450	1	7.228044813877846e-06
8225	1	7.228044813877846e-06
14261	1	7.228044813877846e-06
6379	1	7.228044813877846e-06
10329	1	7.228044813877846e-06
8477	1	7.228044813877846e-06
2722	1	7.228044813877846e-06
106	1	7.228044813877846e-06
5462	1	7.228044813877846e-06
2950	1	7.228044813877846e-06
27429	1	7.228044813877846e-06
10081	1	7.228044813877846e-06
11912	1	7.228044813877846e-06
7813	1	7.228044813877846e-06
6037	1	7.228044813877846e-06
10930	1	7.228044813877846e-06
8519	1	7.228044813877846e-06
21924	1	7.228044813877846e-06
11738	1	7.228044813877846e-06
18588	1	7.228044813877846e-06
19955	1	7.228044813877846e-06
12243	1	7.228044813877846e-06
3867	1	7.228044813877846e-06
26330	1	7.228044813877846e-06
14179	1	7.228044813877846e-06
2354	1	7.228044813877846e-06
316	1	7.228044813877846e-06
14239	1	7.228044813877846e-06
8970	1	7.228044813877846e-06
13065	1	7.228044813877846e-06
23236	1	7.228044813877846e-06
22470	1	7.228044813877846e-06
13680	1	7.228044813877846e-06
10229	1	7.228044813877846e-06
24542	1	7.228044813877846e-06
4180	1	7.228044813877846e-06
2299	1	7.228044813877846e-06
16594	1	7.228044813877846e-06
15629	1	7.228044813877846e-06
2374	1	7.228044813877846e-06
1184	1	7.228044813877846e-06
6151	1	7.228044813877846e-06
24667	1	7.228044813877846e-06
11110	1	7.228044813877846e-06
3602	1	7.228044813877846e-06
1370	1	7.228044813877846e-06
23631	1	7.228044813877846e-06
26574	1	7.228044813877846e-06
13178	1	7.228044813877846e-06
5313	1	7.228044813877846e-06
2146	1	7.228044813877846e-06
607	1	7.228044813877846e-06
26446	1	7.228044813877846e-06
5676	1	7.228044813877846e-06
2006	1	7.228044813877846e-06
27088	1	7.228044813877846e-06
720	1	7.228044813877846e-06
25093	1	7.228044813877846e-06
7890	1	7.228044813877846e-06
11300	1	7.228044813877846e-06
16400	1	7.228044813877846e-06
14375	1	7.228044813877846e-06
24465	1	7.228044813877846e-06
12538	1	7.228044813877846e-06
21670	1	7.228044813877846e-06
24468	1	7.228044813877846e-06
529	1	7.228044813877846e-06
1263	1	7.228044813877846e-06
13348	1	7.228044813877846e-06
16084	1	7.228044813877846e-06
17659	1	7.228044813877846e-06
15292	1	7.228044813877846e-06
27962	1	7.228044813877846e-06
13411	1	7.228044813877846e-06
4411	1	7.228044813877846e-06
12210	1	7.228044813877846e-06
5983	1	7.228044813877846e-06
5893	1	7.228044813877846e-06
3412	1	7.228044813877846e-06
12831	1	7.228044813877846e-06
28608	1	7.228044813877846e-06
3459	1	7.228044813877846e-06
2033	1	7.228044813877846e-06
21071	1	7.228044813877846e-06
6833	1	7.228044813877846e-06
29197	1	7.228044813877846e-06
20006	1	7.228044813877846e-06
11209	1	7.228044813877846e-06
2535	1	7.228044813877846e-06
23774	1	7.228044813877846e-06
16372	1	7.228044813877846e-06
17961	1	7.228044813877846e-06
6890	1	7.228044813877846e-06
1363	1	7.228044813877846e-06
25569	1	7.228044813877846e-06
4465	1	7.228044813877846e-06
17878	1	7.228044813877846e-06
18480	1	7.228044813877846e-06
1351	1	7.228044813877846e-06
10253	1	7.228044813877846e-06
6054	1	7.228044813877846e-06
12173	1	7.228044813877846e-06
27643	1	7.228044813877846e-06
6695	1	7.228044813877846e-06
1599	1	7.228044813877846e-06
10262	1	7.228044813877846e-06
7501	1	7.228044813877846e-06
2098	1	7.228044813877846e-06
19594	1	7.228044813877846e-06
22862	1	7.228044813877846e-06
16105	1	7.228044813877846e-06
28068	1	7.228044813877846e-06
9003	1	7.228044813877846e-06
8167	1	7.228044813877846e-06
19626	1	7.228044813877846e-06
15391	1	7.228044813877846e-06
9254	1	7.228044813877846e-06
3887	1	7.228044813877846e-06
1227	1	7.228044813877846e-06
3933	1	7.228044813877846e-06
17605	1	7.228044813877846e-06
19935	1	7.228044813877846e-06
29096	1	7.228044813877846e-06
20135	1	7.228044813877846e-06
16856	1	7.228044813877846e-06
30011	1	7.228044813877846e-06
5205	1	7.228044813877846e-06
9361	1	7.228044813877846e-06
9853	1	7.228044813877846e-06
