29525	3632	0.024229486324216145
11535	3351	0.022354903268845896
8438	3009	0.02007338225483656
29616	2877	0.019192795196797865
15622	2224	0.014836557705136758
25472	2179	0.014536357571714476
3425	2068	0.013795863909272848
28236	1962	0.013088725817211475
1220	1884	0.01256837891927952
1301	1824	0.012168112074716478
17890	1796	0.011981320880587058
15047	1795	0.011974649766511008
4488	1781	0.011881254169446298
2704	1777	0.011854569713142095
11601	1770	0.01180787191460974
21363	1661	0.011080720480320213
7863	1638	0.010927284856571047
18357	1628	0.010860573715810541
18484	1604	0.010700466977985323
16276	1594	0.010633755837224817
2320	1527	0.01018679119412942
9515	1457	0.009719813208805871
19370	1418	0.009459639759839893
6603	1386	0.009246164109406272
5246	1321	0.008812541694462975
891	1316	0.008779186124082721
26419	1193	0.007958639092728486
134	1177	0.007851901267511674
21547	1158	0.007725150100066711
1612	1157	0.007718478985990661
2914	1115	0.007438292194796531
25486	1103	0.0073582388258839225
12305	1094	0.007298198799199467
11412	1085	0.00723815877251501
25819	1075	0.007171447631754503
15799	1063	0.007091394262841895
7176	988	0.006591060707138092
23892	970	0.00647098065376918
16878	967	0.0064509673115410275
686	960	0.006404269513008673
18826	916	0.006110740493662442
11137	898	0.005990660440293529
30502	898	0.005990660440293529
25617	897	0.005983989326217479
5270	889	0.0059306204136090725
14278	884	0.005897264843228819
18509	882	0.005883922615076718
27756	879	0.005863909272848565
26189	878	0.005857238158772515
3861	871	0.00581054036024016
12121	863	0.005757171447631755
3496	860	0.0057371581054036025
18112	800	0.00533689126084056
27718	782	0.0052168112074716475
20102	765	0.0051034022681787855
8501	761	0.005076717811874583
8976	754	0.005030020013342228
30629	752	0.005016677785190127
18536	719	0.004796531020680454
796	693	0.004623082054703136
23730	689	0.004596397598398932
323	687	0.004583055370246831
20573	686	0.004576384256170781
10742	686	0.004576384256170781
1843	682	0.004549699799866577
14622	661	0.004409606404269513
12722	661	0.004409606404269513
29295	645	0.004302868579052702
7227	626	0.004176117411607738
4947	621	0.004142761841227485
11951	619	0.0041294196130753835
3105	617	0.004116077384923283
13024	611	0.004076050700466978
16378	607	0.0040493662441627755
262	590	0.0039359573048699135
1716	586	0.003909272848565711
24151	585	0.00390260173448966
1180	584	0.003895930620413609
14593	561	0.003742494996664443
13701	559	0.0037291527685123418
3284	556	0.0037091394262841896
2192	553	0.0036891260840560373
5109	545	0.0036357571714476316
4370	538	0.0035890593729152767
9217	538	0.0035890593729152767
10220	532	0.0035490326884589727
16397	528	0.00352234823215477
29366	526	0.0035090060040026683
26626	525	0.003502334889926618
3650	515	0.0034356237491661107
8449	513	0.0034222815210140094
7549	511	0.003408939292861908
9880	510	0.003402268178785857
21600	503	0.0033555703802535023
17058	496	0.0033088725817211474
6640	487	0.003248832555036691
3720	486	0.0032421614409606403
16009	459	0.0030620413609072717
24122	455	0.0030353569046030686
19490	448	0.0029886591060707137
8262	437	0.002915276851234156
2501	427	0.002848565710473649
10266	423	0.0028218812541694464
2147	421	0.002808539026017345
19471	411	0.002741827885256838
23160	403	0.002688458972648432
175	400	0.00266844563042028
8022	399	0.0026617745163442295
17581	379	0.0025283522348232153
3716	378	0.002521681120747165
19895	377	0.002515010006671114
5594	366	0.0024416277518345565
19121	366	0.0024416277518345565
18178	362	0.002414943295530354
22616	359	0.0023949299533022016
5030	352	0.0023482321547698467
3648	348	0.0023215476984656436
4785	342	0.0022815210140093396
2606	337	0.002248165443629086
23668	334	0.002228152101400934
28830	333	0.0022214809873248834
6052	331	0.002208138759172782
8591	323	0.0021547698465643763
8065	319	0.0021280853902601736
28430	318	0.0021214142761841227
19132	317	0.002114743162108072
23933	299	0.0019946631087391594
3625	294	0.001961307538358906
13116	292	0.0019479653102068045
11928	277	0.0018478985990660441
2482	277	0.0018478985990660441
7318	276	0.0018412274849899932
3883	271	0.00180787191460974
13644	265	0.0017678452301534357
28274	259	0.0017278185456971315
7617	254	0.001694462975316878
881	252	0.0016811207471647766
12945	250	0.001667778519012675
3080	249	0.0016611074049366244
14641	249	0.0016611074049366244
11734	248	0.0016544362908605737
3278	244	0.0016277518345563708
9837	238	0.0015877251501000666
3738	237	0.001581054036024016
4800	230	0.001534356237491661
18177	228	0.0015210140093395597
440	224	0.0014943295530353568
9824	223	0.0014876584389593062
25049	222	0.0014809873248832555
7107	221	0.0014743162108072048
22893	219	0.0014609739826551033
16035	217	0.001447631754503002
6237	216	0.0014409606404269513
2715	215	0.0014342895263509006
14437	211	0.0014076050700466977
11922	211	0.0014076050700466977
15016	211	0.0014076050700466977
10539	210	0.001400933955970647
18879	209	0.0013942628418945964
117	207	0.001380920613742495
28629	205	0.0013675783855903935
1253	205	0.0013675783855903935
14863	204	0.0013609072715143429
10864	202	0.0013475650433622415
1926	200	0.00133422281521014
7954	200	0.00133422281521014
868	199	0.0013275517011340893
15848	198	0.0013208805870580387
24135	186	0.0012408272181454302
10933	184	0.001227484989993329
15999	182	0.0012141427618412276
17562	180	0.001200800533689126
21957	177	0.001180787191460974
621	176	0.0011741160773849233
27586	176	0.0011741160773849233
7777	173	0.0011541027351567711
28142	170	0.0011340893929286191
25008	170	0.0011340893929286191
2647	169	0.0011274182788525685
16350	161	0.0010740493662441627
7217	161	0.0010740493662441627
2225	159	0.0010607071380920614
27182	156	0.0010406937958639094
21213	152	0.0010140093395597065
470	150	0.0010006671114076052
2298	147	0.000980653769179453
2865	147	0.000980653769179453
1377	147	0.000980653769179453
16305	139	0.0009272848565710474
18644	133	0.0008872581721147432
14613	132	0.0008805870580386925
11033	130	0.0008672448298865911
26526	130	0.0008672448298865911
22451	129	0.0008605737158105404
8430	129	0.0008605737158105404
7401	127	0.000847231487658439
971	127	0.000847231487658439
14873	127	0.000847231487658439
8383	125	0.0008338892595063375
28205	124	0.0008272181454302869
22059	123	0.0008205470313542362
22333	122	0.0008138759172781854
281	121	0.0008072048032021347
19042	121	0.0008072048032021347
23644	120	0.0008005336891260841
16449	120	0.0008005336891260841
26959	119	0.0007938625750500333
12575	114	0.0007605070046697799
23159	112	0.0007471647765176784
21902	111	0.0007404936624416278
1328	109	0.0007271514342895263
24937	109	0.0007271514342895263
2875	108	0.0007204803202134756
19941	108	0.0007204803202134756
14176	107	0.000713809206137425
17279	107	0.000713809206137425
14661	106	0.0007071380920613742
5554	106	0.0007071380920613742
8842	103	0.0006871247498332221
23757	103	0.0006871247498332221
22386	102	0.0006804536357571714
1189	101	0.0006737825216811208
13450	99	0.0006604402935290193
15853	98	0.0006537691794529687
4101	96	0.0006404269513008672
27197	94	0.0006270847231487659
20384	92	0.0006137424949966644
23262	92	0.0006137424949966644
3481	92	0.0006137424949966644
21942	91	0.0006070713809206138
24707	91	0.0006070713809206138
7086	91	0.0006070713809206138
2010	91	0.0006070713809206138
1104	91	0.0006070713809206138
14818	90	0.000600400266844563
6680	90	0.000600400266844563
5486	89	0.0005937291527685123
12869	89	0.0005937291527685123
14776	88	0.0005870580386924617
13886	87	0.0005803869246164109
11397	87	0.0005803869246164109
7326	86	0.0005737158105403602
20906	86	0.0005737158105403602
4108	85	0.0005670446964643096
7150	85	0.0005670446964643096
1582	84	0.0005603735823882588
27134	84	0.0005603735823882588
6973	83	0.0005537024683122081
29612	81	0.0005403602401601068
2402	81	0.0005403602401601068
3528	81	0.0005403602401601068
6396	80	0.000533689126084056
14402	80	0.000533689126084056
1156	79	0.0005270180120080053
12292	78	0.0005203468979319547
8675	77	0.0005136757838559039
14508	77	0.0005136757838559039
18245	77	0.0005136757838559039
7856	76	0.0005070046697798532
26468	76	0.0005070046697798532
27770	75	0.0005003335557038026
5318	75	0.0005003335557038026
15121	75	0.0005003335557038026
826	75	0.0005003335557038026
4451	74	0.0004936624416277518
17672	73	0.00048699132755170114
7424	73	0.00048699132755170114
27318	71	0.00047364909939959975
11312	71	0.00047364909939959975
6369	70	0.00046697798532354903
3030	69	0.0004603068712474983
18283	69	0.0004603068712474983
17021	69	0.0004603068712474983
11271	68	0.00045363575717144764
15516	66	0.00044029352901934625
28612	66	0.00044029352901934625
6730	65	0.00043362241494329553
16921	65	0.00043362241494329553
25254	65	0.00043362241494329553
10636	65	0.00043362241494329553
3560	64	0.0004269513008672448
12455	64	0.0004269513008672448
3975	64	0.0004269513008672448
2318	62	0.0004136090727151434
29996	62	0.0004136090727151434
777	62	0.0004136090727151434
30246	61	0.0004069379586390927
9101	61	0.0004069379586390927
19812	61	0.0004069379586390927
7389	61	0.0004069379586390927
7412	61	0.0004069379586390927
27937	61	0.0004069379586390927
27158	60	0.00040026684456304204
953	59	0.0003935957304869913
8497	59	0.0003935957304869913
301	58	0.00038692461641094065
3942	58	0.00038692461641094065
11211	58	0.00038692461641094065
5087	57	0.00038025350233488993
10559	56	0.0003735823882588392
2906	55	0.00036691127418278855
993	55	0.00036691127418278855
1337	54	0.0003602401601067378
703	53	0.0003535690460306871
3973	53	0.0003535690460306871
21527	53	0.0003535690460306871
14381	52	0.00034689793195463644
30408	51	0.0003402268178785857
22851	51	0.0003402268178785857
2118	51	0.0003402268178785857
25404	51	0.0003402268178785857
14115	51	0.0003402268178785857
13950	51	0.0003402268178785857
8471	51	0.0003402268178785857
4553	50	0.000333555703802535
20571	50	0.000333555703802535
27650	50	0.000333555703802535
7301	50	0.000333555703802535
2028	50	0.000333555703802535
8557	50	0.000333555703802535
13627	50	0.000333555703802535
15605	50	0.000333555703802535
12156	49	0.00032688458972648433
7459	48	0.0003202134756504336
746	48	0.0003202134756504336
25800	48	0.0003202134756504336
13217	48	0.0003202134756504336
2981	48	0.0003202134756504336
7180	48	0.0003202134756504336
4904	47	0.00031354236157438294
27785	47	0.00031354236157438294
11067	47	0.00031354236157438294
5888	47	0.00031354236157438294
21378	47	0.00031354236157438294
14632	47	0.00031354236157438294
30255	47	0.00031354236157438294
17443	46	0.0003068712474983322
1846	46	0.0003068712474983322
218	46	0.0003068712474983322
15627	46	0.0003068712474983322
27695	46	0.0003068712474983322
4256	45	0.0003002001334222815
16112	45	0.0003002001334222815
24694	45	0.0003002001334222815
3869	45	0.0003002001334222815
14122	45	0.0003002001334222815
11258	45	0.0003002001334222815
20987	44	0.00029352901934623084
25968	43	0.0002868579052701801
16083	43	0.0002868579052701801
14277	43	0.0002868579052701801
3564	42	0.0002801867911941294
18055	42	0.0002801867911941294
1872	42	0.0002801867911941294
26306	41	0.00027351567711807873
25498	41	0.00027351567711807873
26183	41	0.00027351567711807873
876	41	0.00027351567711807873
27333	40	0.000266844563042028
22797	40	0.000266844563042028
989	40	0.000266844563042028
17051	40	0.000266844563042028
589	39	0.00026017344896597734
216	39	0.00026017344896597734
5354	39	0.00026017344896597734
11473	39	0.00026017344896597734
15330	39	0.00026017344896597734
9175	39	0.00026017344896597734
937	39	0.00026017344896597734
1655	38	0.0002535023348899266
12062	38	0.0002535023348899266
14228	38	0.0002535023348899266
1565	37	0.0002468312208138759
20003	37	0.0002468312208138759
4052	36	0.0002401601067378252
15749	36	0.0002401601067378252
1929	36	0.0002401601067378252
6861	36	0.0002401601067378252
1413	36	0.0002401601067378252
9321	35	0.00023348899266177451
9771	35	0.00023348899266177451
2932	35	0.00023348899266177451
18711	34	0.00022681787858572382
25234	34	0.00022681787858572382
15704	34	0.00022681787858572382
5110	34	0.00022681787858572382
8811	32	0.0002134756504336224
7346	32	0.0002134756504336224
495	31	0.0002068045363575717
8820	31	0.0002068045363575717
13166	31	0.0002068045363575717
3242	31	0.0002068045363575717
3480	31	0.0002068045363575717
2633	31	0.0002068045363575717
28448	31	0.0002068045363575717
13327	31	0.0002068045363575717
11611	31	0.0002068045363575717
10779	30	0.00020013342228152102
7645	30	0.00020013342228152102
7284	30	0.00020013342228152102
8790	30	0.00020013342228152102
18888	30	0.00020013342228152102
4489	29	0.00019346230820547033
16922	29	0.00019346230820547033
9422	29	0.00019346230820547033
19663	29	0.00019346230820547033
11260	29	0.00019346230820547033
7200	28	0.0001867911941294196
6969	28	0.0001867911941294196
5916	28	0.0001867911941294196
28143	28	0.0001867911941294196
27883	28	0.0001867911941294196
26730	28	0.0001867911941294196
17250	28	0.0001867911941294196
25502	27	0.0001801200800533689
3767	27	0.0001801200800533689
601	27	0.0001801200800533689
3371	27	0.0001801200800533689
8346	27	0.0001801200800533689
28942	26	0.00017344896597731822
8049	26	0.00017344896597731822
12892	26	0.00017344896597731822
3504	26	0.00017344896597731822
10371	26	0.00017344896597731822
1441	26	0.00017344896597731822
5023	26	0.00017344896597731822
3580	25	0.0001667778519012675
11097	25	0.0001667778519012675
2452	25	0.0001667778519012675
20129	25	0.0001667778519012675
303	25	0.0001667778519012675
13333	25	0.0001667778519012675
24079	25	0.0001667778519012675
1518	25	0.0001667778519012675
5926	25	0.0001667778519012675
7682	25	0.0001667778519012675
3289	25	0.0001667778519012675
4994	24	0.0001601067378252168
4352	24	0.0001601067378252168
12014	24	0.0001601067378252168
20313	24	0.0001601067378252168
25581	24	0.0001601067378252168
19824	24	0.0001601067378252168
30091	24	0.0001601067378252168
8061	24	0.0001601067378252168
593	24	0.0001601067378252168
6477	24	0.0001601067378252168
15550	24	0.0001601067378252168
27399	23	0.0001534356237491661
3457	23	0.0001534356237491661
9150	23	0.0001534356237491661
6231	23	0.0001534356237491661
9657	23	0.0001534356237491661
10123	23	0.0001534356237491661
17994	23	0.0001534356237491661
3769	23	0.0001534356237491661
25100	23	0.0001534356237491661
9147	22	0.00014676450967311542
2672	22	0.00014676450967311542
3802	22	0.00014676450967311542
25568	22	0.00014676450967311542
19138	22	0.00014676450967311542
13988	22	0.00014676450967311542
29365	22	0.00014676450967311542
3870	22	0.00014676450967311542
14270	22	0.00014676450967311542
18894	22	0.00014676450967311542
2557	21	0.0001400933955970647
1001	21	0.0001400933955970647
4956	21	0.0001400933955970647
2951	21	0.0001400933955970647
7807	21	0.0001400933955970647
3960	21	0.0001400933955970647
23085	21	0.0001400933955970647
1355	21	0.0001400933955970647
24040	21	0.0001400933955970647
1708	21	0.0001400933955970647
14699	21	0.0001400933955970647
21588	21	0.0001400933955970647
560	20	0.000133422281521014
4434	20	0.000133422281521014
5760	20	0.000133422281521014
927	20	0.000133422281521014
24287	20	0.000133422281521014
12448	20	0.000133422281521014
5457	20	0.000133422281521014
27894	20	0.000133422281521014
7897	20	0.000133422281521014
26816	19	0.0001267511674449633
29113	19	0.0001267511674449633
16962	19	0.0001267511674449633
4133	19	0.0001267511674449633
16125	19	0.0001267511674449633
12803	19	0.0001267511674449633
4442	19	0.0001267511674449633
20457	19	0.0001267511674449633
2259	19	0.0001267511674449633
10423	19	0.0001267511674449633
6679	18	0.0001200800533689126
4648	18	0.0001200800533689126
5358	18	0.0001200800533689126
22744	18	0.0001200800533689126
7439	18	0.0001200800533689126
22277	18	0.0001200800533689126
20059	18	0.0001200800533689126
8072	18	0.0001200800533689126
21975	18	0.0001200800533689126
14982	18	0.0001200800533689126
1892	18	0.0001200800533689126
7184	18	0.0001200800533689126
22623	18	0.0001200800533689126
27743	18	0.0001200800533689126
6499	17	0.00011340893929286191
23924	17	0.00011340893929286191
15421	17	0.00011340893929286191
26891	17	0.00011340893929286191
6110	17	0.00011340893929286191
3670	17	0.00011340893929286191
4576	17	0.00011340893929286191
4767	17	0.00011340893929286191
8020	17	0.00011340893929286191
6098	17	0.00011340893929286191
9734	17	0.00011340893929286191
27146	17	0.00011340893929286191
8655	17	0.00011340893929286191
12675	16	0.0001067378252168112
21499	16	0.0001067378252168112
2465	16	0.0001067378252168112
18060	16	0.0001067378252168112
1130	16	0.0001067378252168112
10049	16	0.0001067378252168112
7061	16	0.0001067378252168112
2542	16	0.0001067378252168112
19272	16	0.0001067378252168112
9529	16	0.0001067378252168112
7329	16	0.0001067378252168112
9550	16	0.0001067378252168112
8926	16	0.0001067378252168112
13994	16	0.0001067378252168112
3962	16	0.0001067378252168112
15760	16	0.0001067378252168112
21707	16	0.0001067378252168112
12608	16	0.0001067378252168112
12066	16	0.0001067378252168112
17613	15	0.00010006671114076051
7468	15	0.00010006671114076051
3019	15	0.00010006671114076051
11449	15	0.00010006671114076051
20664	15	0.00010006671114076051
2218	15	0.00010006671114076051
8074	15	0.00010006671114076051
22362	15	0.00010006671114076051
27041	15	0.00010006671114076051
9088	15	0.00010006671114076051
9213	15	0.00010006671114076051
12901	15	0.00010006671114076051
23057	15	0.00010006671114076051
7911	15	0.00010006671114076051
23504	15	0.00010006671114076051
1873	14	9.33955970647098e-05
7949	14	9.33955970647098e-05
1476	14	9.33955970647098e-05
27299	14	9.33955970647098e-05
28441	14	9.33955970647098e-05
5555	14	9.33955970647098e-05
29163	14	9.33955970647098e-05
30328	14	9.33955970647098e-05
13348	14	9.33955970647098e-05
9689	14	9.33955970647098e-05
26570	14	9.33955970647098e-05
19991	14	9.33955970647098e-05
3559	14	9.33955970647098e-05
5289	14	9.33955970647098e-05
16784	14	9.33955970647098e-05
6241	14	9.33955970647098e-05
1166	14	9.33955970647098e-05
20141	14	9.33955970647098e-05
23189	13	8.672448298865911e-05
7241	13	8.672448298865911e-05
15028	13	8.672448298865911e-05
7978	13	8.672448298865911e-05
1512	13	8.672448298865911e-05
20731	13	8.672448298865911e-05
11745	13	8.672448298865911e-05
27189	13	8.672448298865911e-05
2868	13	8.672448298865911e-05
715	13	8.672448298865911e-05
23176	13	8.672448298865911e-05
3438	13	8.672448298865911e-05
4877	13	8.672448298865911e-05
14979	13	8.672448298865911e-05
12447	13	8.672448298865911e-05
766	13	8.672448298865911e-05
2632	13	8.672448298865911e-05
17415	13	8.672448298865911e-05
12123	13	8.672448298865911e-05
19358	13	8.672448298865911e-05
4449	12	8.00533689126084e-05
4474	12	8.00533689126084e-05
22177	12	8.00533689126084e-05
21232	12	8.00533689126084e-05
21193	12	8.00533689126084e-05
15074	12	8.00533689126084e-05
21480	12	8.00533689126084e-05
4911	12	8.00533689126084e-05
6088	12	8.00533689126084e-05
26621	12	8.00533689126084e-05
30438	12	8.00533689126084e-05
5399	12	8.00533689126084e-05
2643	12	8.00533689126084e-05
23254	12	8.00533689126084e-05
7790	12	8.00533689126084e-05
14490	12	8.00533689126084e-05
30378	12	8.00533689126084e-05
6174	12	8.00533689126084e-05
25558	12	8.00533689126084e-05
10341	12	8.00533689126084e-05
6360	12	8.00533689126084e-05
6311	12	8.00533689126084e-05
447	12	8.00533689126084e-05
3581	11	7.338225483655771e-05
10454	11	7.338225483655771e-05
7919	11	7.338225483655771e-05
22489	11	7.338225483655771e-05
209	11	7.338225483655771e-05
12098	11	7.338225483655771e-05
14983	11	7.338225483655771e-05
2471	11	7.338225483655771e-05
19509	11	7.338225483655771e-05
26187	11	7.338225483655771e-05
22548	11	7.338225483655771e-05
8563	11	7.338225483655771e-05
7878	11	7.338225483655771e-05
392	11	7.338225483655771e-05
233	11	7.338225483655771e-05
2213	11	7.338225483655771e-05
9641	11	7.338225483655771e-05
2316	11	7.338225483655771e-05
19009	10	6.6711140760507e-05
15489	10	6.6711140760507e-05
27904	10	6.6711140760507e-05
7723	10	6.6711140760507e-05
6277	10	6.6711140760507e-05
26119	10	6.6711140760507e-05
19615	10	6.6711140760507e-05
1164	10	6.6711140760507e-05
24124	10	6.6711140760507e-05
13109	10	6.6711140760507e-05
2696	10	6.6711140760507e-05
4304	10	6.6711140760507e-05
2705	10	6.6711140760507e-05
4203	10	6.6711140760507e-05
10100	9	6.00400266844563e-05
21788	9	6.00400266844563e-05
5309	9	6.00400266844563e-05
811	9	6.00400266844563e-05
5173	9	6.00400266844563e-05
13404	9	6.00400266844563e-05
3098	9	6.00400266844563e-05
8548	9	6.00400266844563e-05
13208	9	6.00400266844563e-05
1284	9	6.00400266844563e-05
26302	9	6.00400266844563e-05
25815	9	6.00400266844563e-05
27478	9	6.00400266844563e-05
29530	9	6.00400266844563e-05
456	9	6.00400266844563e-05
17144	9	6.00400266844563e-05
11079	9	6.00400266844563e-05
24203	9	6.00400266844563e-05
9451	9	6.00400266844563e-05
221	9	6.00400266844563e-05
5257	9	6.00400266844563e-05
11274	9	6.00400266844563e-05
44	9	6.00400266844563e-05
14299	9	6.00400266844563e-05
21325	9	6.00400266844563e-05
1047	9	6.00400266844563e-05
4996	9	6.00400266844563e-05
11893	9	6.00400266844563e-05
7767	9	6.00400266844563e-05
23676	9	6.00400266844563e-05
30684	9	6.00400266844563e-05
11941	9	6.00400266844563e-05
26192	9	6.00400266844563e-05
13521	9	6.00400266844563e-05
24094	9	6.00400266844563e-05
7131	9	6.00400266844563e-05
17830	9	6.00400266844563e-05
28289	9	6.00400266844563e-05
18499	9	6.00400266844563e-05
25833	9	6.00400266844563e-05
10208	9	6.00400266844563e-05
11557	9	6.00400266844563e-05
4690	8	5.33689126084056e-05
2272	8	5.33689126084056e-05
969	8	5.33689126084056e-05
5153	8	5.33689126084056e-05
17133	8	5.33689126084056e-05
2670	8	5.33689126084056e-05
322	8	5.33689126084056e-05
28479	8	5.33689126084056e-05
321	8	5.33689126084056e-05
12050	8	5.33689126084056e-05
10329	8	5.33689126084056e-05
10362	8	5.33689126084056e-05
29528	8	5.33689126084056e-05
17577	8	5.33689126084056e-05
11220	8	5.33689126084056e-05
10046	8	5.33689126084056e-05
22938	8	5.33689126084056e-05
92	8	5.33689126084056e-05
15735	8	5.33689126084056e-05
13106	8	5.33689126084056e-05
10798	8	5.33689126084056e-05
23413	8	5.33689126084056e-05
5458	8	5.33689126084056e-05
29708	8	5.33689126084056e-05
3158	8	5.33689126084056e-05
1442	8	5.33689126084056e-05
7199	8	5.33689126084056e-05
6932	8	5.33689126084056e-05
5381	8	5.33689126084056e-05
19118	8	5.33689126084056e-05
7975	8	5.33689126084056e-05
29551	8	5.33689126084056e-05
1560	8	5.33689126084056e-05
9412	8	5.33689126084056e-05
18963	7	4.66977985323549e-05
191	7	4.66977985323549e-05
10012	7	4.66977985323549e-05
8561	7	4.66977985323549e-05
15221	7	4.66977985323549e-05
25729	7	4.66977985323549e-05
290	7	4.66977985323549e-05
22695	7	4.66977985323549e-05
17727	7	4.66977985323549e-05
14877	7	4.66977985323549e-05
3318	7	4.66977985323549e-05
9263	7	4.66977985323549e-05
3917	7	4.66977985323549e-05
22381	7	4.66977985323549e-05
9037	7	4.66977985323549e-05
11973	7	4.66977985323549e-05
599	7	4.66977985323549e-05
29414	7	4.66977985323549e-05
24075	7	4.66977985323549e-05
16209	7	4.66977985323549e-05
28618	7	4.66977985323549e-05
2664	7	4.66977985323549e-05
13115	7	4.66977985323549e-05
1592	7	4.66977985323549e-05
1426	7	4.66977985323549e-05
5028	7	4.66977985323549e-05
4130	7	4.66977985323549e-05
29758	7	4.66977985323549e-05
21048	7	4.66977985323549e-05
2491	7	4.66977985323549e-05
27540	7	4.66977985323549e-05
15227	7	4.66977985323549e-05
23156	7	4.66977985323549e-05
4700	7	4.66977985323549e-05
15436	7	4.66977985323549e-05
2505	7	4.66977985323549e-05
21888	7	4.66977985323549e-05
5355	7	4.66977985323549e-05
24747	7	4.66977985323549e-05
3948	7	4.66977985323549e-05
30032	7	4.66977985323549e-05
14973	7	4.66977985323549e-05
15004	7	4.66977985323549e-05
18510	7	4.66977985323549e-05
21689	7	4.66977985323549e-05
7466	7	4.66977985323549e-05
6897	7	4.66977985323549e-05
2122	7	4.66977985323549e-05
12996	6	4.00266844563042e-05
3631	6	4.00266844563042e-05
25010	6	4.00266844563042e-05
28949	6	4.00266844563042e-05
21824	6	4.00266844563042e-05
26384	6	4.00266844563042e-05
29905	6	4.00266844563042e-05
14264	6	4.00266844563042e-05
15293	6	4.00266844563042e-05
5641	6	4.00266844563042e-05
7272	6	4.00266844563042e-05
2650	6	4.00266844563042e-05
14996	6	4.00266844563042e-05
6126	6	4.00266844563042e-05
4514	6	4.00266844563042e-05
20207	6	4.00266844563042e-05
687	6	4.00266844563042e-05
11018	6	4.00266844563042e-05
3647	6	4.00266844563042e-05
2867	6	4.00266844563042e-05
3494	6	4.00266844563042e-05
8908	6	4.00266844563042e-05
24548	6	4.00266844563042e-05
9023	6	4.00266844563042e-05
6792	6	4.00266844563042e-05
2178	6	4.00266844563042e-05
12094	6	4.00266844563042e-05
4552	6	4.00266844563042e-05
10840	6	4.00266844563042e-05
13525	6	4.00266844563042e-05
23893	6	4.00266844563042e-05
9900	6	4.00266844563042e-05
4888	6	4.00266844563042e-05
1437	6	4.00266844563042e-05
9309	6	4.00266844563042e-05
19436	6	4.00266844563042e-05
24660	6	4.00266844563042e-05
10629	6	4.00266844563042e-05
9685	6	4.00266844563042e-05
2151	6	4.00266844563042e-05
22364	6	4.00266844563042e-05
5459	6	4.00266844563042e-05
5010	6	4.00266844563042e-05
1920	6	4.00266844563042e-05
28480	6	4.00266844563042e-05
17604	6	4.00266844563042e-05
24017	6	4.00266844563042e-05
20686	6	4.00266844563042e-05
3958	6	4.00266844563042e-05
1580	6	4.00266844563042e-05
17222	6	4.00266844563042e-05
1645	6	4.00266844563042e-05
22735	6	4.00266844563042e-05
17716	6	4.00266844563042e-05
4172	6	4.00266844563042e-05
3491	6	4.00266844563042e-05
6598	6	4.00266844563042e-05
95	6	4.00266844563042e-05
7249	5	3.33555703802535e-05
29577	5	3.33555703802535e-05
10554	5	3.33555703802535e-05
10544	5	3.33555703802535e-05
4190	5	3.33555703802535e-05
77	5	3.33555703802535e-05
18908	5	3.33555703802535e-05
22134	5	3.33555703802535e-05
9052	5	3.33555703802535e-05
20981	5	3.33555703802535e-05
24809	5	3.33555703802535e-05
3450	5	3.33555703802535e-05
973	5	3.33555703802535e-05
23963	5	3.33555703802535e-05
3990	5	3.33555703802535e-05
929	5	3.33555703802535e-05
22501	5	3.33555703802535e-05
16751	5	3.33555703802535e-05
20793	5	3.33555703802535e-05
19590	5	3.33555703802535e-05
3573	5	3.33555703802535e-05
21750	5	3.33555703802535e-05
13077	5	3.33555703802535e-05
22704	5	3.33555703802535e-05
22473	5	3.33555703802535e-05
18249	5	3.33555703802535e-05
14389	5	3.33555703802535e-05
3396	5	3.33555703802535e-05
30362	5	3.33555703802535e-05
13170	5	3.33555703802535e-05
4903	5	3.33555703802535e-05
10180	5	3.33555703802535e-05
11665	5	3.33555703802535e-05
19878	5	3.33555703802535e-05
3529	5	3.33555703802535e-05
1822	5	3.33555703802535e-05
23092	5	3.33555703802535e-05
6787	5	3.33555703802535e-05
5834	5	3.33555703802535e-05
2821	5	3.33555703802535e-05
14775	5	3.33555703802535e-05
3575	5	3.33555703802535e-05
11869	5	3.33555703802535e-05
4738	5	3.33555703802535e-05
26659	5	3.33555703802535e-05
13308	5	3.33555703802535e-05
4593	5	3.33555703802535e-05
4400	5	3.33555703802535e-05
18137	5	3.33555703802535e-05
11450	5	3.33555703802535e-05
5276	5	3.33555703802535e-05
246	5	3.33555703802535e-05
2407	5	3.33555703802535e-05
27108	5	3.33555703802535e-05
12576	5	3.33555703802535e-05
15548	5	3.33555703802535e-05
23038	5	3.33555703802535e-05
6800	5	3.33555703802535e-05
10961	5	3.33555703802535e-05
26529	5	3.33555703802535e-05
25747	5	3.33555703802535e-05
240	5	3.33555703802535e-05
2166	5	3.33555703802535e-05
30184	5	3.33555703802535e-05
25926	5	3.33555703802535e-05
10242	4	2.66844563042028e-05
1360	4	2.66844563042028e-05
17969	4	2.66844563042028e-05
4612	4	2.66844563042028e-05
9796	4	2.66844563042028e-05
2365	4	2.66844563042028e-05
28494	4	2.66844563042028e-05
5663	4	2.66844563042028e-05
26394	4	2.66844563042028e-05
1508	4	2.66844563042028e-05
4894	4	2.66844563042028e-05
9573	4	2.66844563042028e-05
7571	4	2.66844563042028e-05
8979	4	2.66844563042028e-05
5617	4	2.66844563042028e-05
739	4	2.66844563042028e-05
18699	4	2.66844563042028e-05
4510	4	2.66844563042028e-05
10563	4	2.66844563042028e-05
23701	4	2.66844563042028e-05
23449	4	2.66844563042028e-05
24667	4	2.66844563042028e-05
10896	4	2.66844563042028e-05
14637	4	2.66844563042028e-05
3038	4	2.66844563042028e-05
17233	4	2.66844563042028e-05
2406	4	2.66844563042028e-05
20796	4	2.66844563042028e-05
6266	4	2.66844563042028e-05
24025	4	2.66844563042028e-05
3448	4	2.66844563042028e-05
14830	4	2.66844563042028e-05
1935	4	2.66844563042028e-05
7968	4	2.66844563042028e-05
21304	4	2.66844563042028e-05
120	4	2.66844563042028e-05
5666	4	2.66844563042028e-05
6128	4	2.66844563042028e-05
20764	4	2.66844563042028e-05
29986	4	2.66844563042028e-05
12251	4	2.66844563042028e-05
900	4	2.66844563042028e-05
1840	4	2.66844563042028e-05
10314	4	2.66844563042028e-05
21322	4	2.66844563042028e-05
4259	4	2.66844563042028e-05
26724	4	2.66844563042028e-05
14418	4	2.66844563042028e-05
3001	4	2.66844563042028e-05
23315	4	2.66844563042028e-05
20720	4	2.66844563042028e-05
1022	4	2.66844563042028e-05
28568	4	2.66844563042028e-05
18363	4	2.66844563042028e-05
5996	4	2.66844563042028e-05
18522	4	2.66844563042028e-05
18467	4	2.66844563042028e-05
21528	4	2.66844563042028e-05
12173	4	2.66844563042028e-05
6054	4	2.66844563042028e-05
24012	4	2.66844563042028e-05
20633	4	2.66844563042028e-05
10096	4	2.66844563042028e-05
27485	4	2.66844563042028e-05
6833	4	2.66844563042028e-05
19787	4	2.66844563042028e-05
2397	4	2.66844563042028e-05
5521	4	2.66844563042028e-05
16581	4	2.66844563042028e-05
12443	4	2.66844563042028e-05
16849	4	2.66844563042028e-05
6342	4	2.66844563042028e-05
18838	4	2.66844563042028e-05
5438	4	2.66844563042028e-05
3159	4	2.66844563042028e-05
6112	4	2.66844563042028e-05
12042	4	2.66844563042028e-05
1906	4	2.66844563042028e-05
20814	4	2.66844563042028e-05
17325	4	2.66844563042028e-05
16041	4	2.66844563042028e-05
29038	4	2.66844563042028e-05
6503	4	2.66844563042028e-05
17333	4	2.66844563042028e-05
12723	4	2.66844563042028e-05
16612	4	2.66844563042028e-05
8469	4	2.66844563042028e-05
27431	4	2.66844563042028e-05
3819	4	2.66844563042028e-05
19212	4	2.66844563042028e-05
19832	4	2.66844563042028e-05
714	4	2.66844563042028e-05
2726	4	2.66844563042028e-05
1986	4	2.66844563042028e-05
15761	4	2.66844563042028e-05
22758	4	2.66844563042028e-05
12655	3	2.00133422281521e-05
2652	3	2.00133422281521e-05
518	3	2.00133422281521e-05
8654	3	2.00133422281521e-05
665	3	2.00133422281521e-05
29059	3	2.00133422281521e-05
11712	3	2.00133422281521e-05
24190	3	2.00133422281521e-05
6866	3	2.00133422281521e-05
21591	3	2.00133422281521e-05
24038	3	2.00133422281521e-05
21791	3	2.00133422281521e-05
2940	3	2.00133422281521e-05
27405	3	2.00133422281521e-05
405	3	2.00133422281521e-05
2968	3	2.00133422281521e-05
7605	3	2.00133422281521e-05
15555	3	2.00133422281521e-05
16398	3	2.00133422281521e-05
17119	3	2.00133422281521e-05
22349	3	2.00133422281521e-05
10610	3	2.00133422281521e-05
873	3	2.00133422281521e-05
1849	3	2.00133422281521e-05
12618	3	2.00133422281521e-05
27940	3	2.00133422281521e-05
29897	3	2.00133422281521e-05
9036	3	2.00133422281521e-05
12659	3	2.00133422281521e-05
5212	3	2.00133422281521e-05
9307	3	2.00133422281521e-05
11810	3	2.00133422281521e-05
16084	3	2.00133422281521e-05
2405	3	2.00133422281521e-05
4075	3	2.00133422281521e-05
13930	3	2.00133422281521e-05
15662	3	2.00133422281521e-05
10017	3	2.00133422281521e-05
25701	3	2.00133422281521e-05
1869	3	2.00133422281521e-05
7264	3	2.00133422281521e-05
3745	3	2.00133422281521e-05
14326	3	2.00133422281521e-05
8351	3	2.00133422281521e-05
9855	3	2.00133422281521e-05
2948	3	2.00133422281521e-05
3739	3	2.00133422281521e-05
11110	3	2.00133422281521e-05
2243	3	2.00133422281521e-05
13831	3	2.00133422281521e-05
1205	3	2.00133422281521e-05
20813	3	2.00133422281521e-05
21315	3	2.00133422281521e-05
29064	3	2.00133422281521e-05
14936	3	2.00133422281521e-05
25230	3	2.00133422281521e-05
18289	3	2.00133422281521e-05
5140	3	2.00133422281521e-05
19410	3	2.00133422281521e-05
24438	3	2.00133422281521e-05
24763	3	2.00133422281521e-05
1596	3	2.00133422281521e-05
30047	3	2.00133422281521e-05
9066	3	2.00133422281521e-05
285	3	2.00133422281521e-05
15311	3	2.00133422281521e-05
2114	3	2.00133422281521e-05
14713	3	2.00133422281521e-05
4013	3	2.00133422281521e-05
11107	3	2.00133422281521e-05
11892	3	2.00133422281521e-05
8906	3	2.00133422281521e-05
2330	3	2.00133422281521e-05
19686	3	2.00133422281521e-05
3033	3	2.00133422281521e-05
2034	3	2.00133422281521e-05
8476	3	2.00133422281521e-05
11814	3	2.00133422281521e-05
5609	3	2.00133422281521e-05
3829	3	2.00133422281521e-05
24131	3	2.00133422281521e-05
11902	3	2.00133422281521e-05
162	3	2.00133422281521e-05
309	3	2.00133422281521e-05
288	3	2.00133422281521e-05
10262	3	2.00133422281521e-05
3378	3	2.00133422281521e-05
20190	3	2.00133422281521e-05
10713	3	2.00133422281521e-05
21452	3	2.00133422281521e-05
8021	3	2.00133422281521e-05
8910	3	2.00133422281521e-05
20551	3	2.00133422281521e-05
15744	3	2.00133422281521e-05
420	3	2.00133422281521e-05
22515	3	2.00133422281521e-05
8180	3	2.00133422281521e-05
3909	3	2.00133422281521e-05
2485	3	2.00133422281521e-05
9486	3	2.00133422281521e-05
3116	3	2.00133422281521e-05
8715	3	2.00133422281521e-05
14640	3	2.00133422281521e-05
372	3	2.00133422281521e-05
28416	3	2.00133422281521e-05
3830	3	2.00133422281521e-05
10908	3	2.00133422281521e-05
10412	3	2.00133422281521e-05
317	3	2.00133422281521e-05
3965	3	2.00133422281521e-05
4128	3	2.00133422281521e-05
1876	3	2.00133422281521e-05
13224	3	2.00133422281521e-05
21359	3	2.00133422281521e-05
29229	3	2.00133422281521e-05
20923	3	2.00133422281521e-05
14352	3	2.00133422281521e-05
11246	3	2.00133422281521e-05
21071	3	2.00133422281521e-05
7360	3	2.00133422281521e-05
19955	3	2.00133422281521e-05
24423	3	2.00133422281521e-05
23781	3	2.00133422281521e-05
114	3	2.00133422281521e-05
27377	3	2.00133422281521e-05
11104	3	2.00133422281521e-05
8447	3	2.00133422281521e-05
5154	3	2.00133422281521e-05
6854	3	2.00133422281521e-05
26205	3	2.00133422281521e-05
21387	3	2.00133422281521e-05
26418	3	2.00133422281521e-05
2522	3	2.00133422281521e-05
921	3	2.00133422281521e-05
15727	3	2.00133422281521e-05
6394	3	2.00133422281521e-05
5815	3	2.00133422281521e-05
28746	3	2.00133422281521e-05
24315	3	2.00133422281521e-05
11979	3	2.00133422281521e-05
27653	3	2.00133422281521e-05
16661	3	2.00133422281521e-05
3172	3	2.00133422281521e-05
558	3	2.00133422281521e-05
5298	3	2.00133422281521e-05
17851	3	2.00133422281521e-05
5733	3	2.00133422281521e-05
19024	3	2.00133422281521e-05
23247	3	2.00133422281521e-05
23332	3	2.00133422281521e-05
19644	3	2.00133422281521e-05
253	2	1.33422281521014e-05
10466	2	1.33422281521014e-05
21367	2	1.33422281521014e-05
16822	2	1.33422281521014e-05
7875	2	1.33422281521014e-05
16833	2	1.33422281521014e-05
17895	2	1.33422281521014e-05
3567	2	1.33422281521014e-05
12927	2	1.33422281521014e-05
5530	2	1.33422281521014e-05
7143	2	1.33422281521014e-05
11939	2	1.33422281521014e-05
21639	2	1.33422281521014e-05
13443	2	1.33422281521014e-05
1803	2	1.33422281521014e-05
13484	2	1.33422281521014e-05
5447	2	1.33422281521014e-05
22526	2	1.33422281521014e-05
4954	2	1.33422281521014e-05
1351	2	1.33422281521014e-05
16384	2	1.33422281521014e-05
10124	2	1.33422281521014e-05
641	2	1.33422281521014e-05
17946	2	1.33422281521014e-05
22728	2	1.33422281521014e-05
26979	2	1.33422281521014e-05
10547	2	1.33422281521014e-05
13463	2	1.33422281521014e-05
5747	2	1.33422281521014e-05
22920	2	1.33422281521014e-05
22925	2	1.33422281521014e-05
654	2	1.33422281521014e-05
5702	2	1.33422281521014e-05
4045	2	1.33422281521014e-05
3202	2	1.33422281521014e-05
18031	2	1.33422281521014e-05
27845	2	1.33422281521014e-05
29364	2	1.33422281521014e-05
4365	2	1.33422281521014e-05
1488	2	1.33422281521014e-05
3531	2	1.33422281521014e-05
19873	2	1.33422281521014e-05
10782	2	1.33422281521014e-05
14239	2	1.33422281521014e-05
5753	2	1.33422281521014e-05
13201	2	1.33422281521014e-05
27686	2	1.33422281521014e-05
16148	2	1.33422281521014e-05
27820	2	1.33422281521014e-05
6043	2	1.33422281521014e-05
20135	2	1.33422281521014e-05
6044	2	1.33422281521014e-05
15619	2	1.33422281521014e-05
8162	2	1.33422281521014e-05
5881	2	1.33422281521014e-05
29489	2	1.33422281521014e-05
22232	2	1.33422281521014e-05
13566	2	1.33422281521014e-05
3867	2	1.33422281521014e-05
1316	2	1.33422281521014e-05
6600	2	1.33422281521014e-05
2107	2	1.33422281521014e-05
2745	2	1.33422281521014e-05
20827	2	1.33422281521014e-05
4522	2	1.33422281521014e-05
23774	2	1.33422281521014e-05
8500	2	1.33422281521014e-05
7253	2	1.33422281521014e-05
23698	2	1.33422281521014e-05
22890	2	1.33422281521014e-05
16993	2	1.33422281521014e-05
3747	2	1.33422281521014e-05
19201	2	1.33422281521014e-05
6891	2	1.33422281521014e-05
9085	2	1.33422281521014e-05
25647	2	1.33422281521014e-05
19626	2	1.33422281521014e-05
6461	2	1.33422281521014e-05
2734	2	1.33422281521014e-05
5014	2	1.33422281521014e-05
8526	2	1.33422281521014e-05
2211	2	1.33422281521014e-05
20739	2	1.33422281521014e-05
24116	2	1.33422281521014e-05
2049	2	1.33422281521014e-05
7188	2	1.33422281521014e-05
1829	2	1.33422281521014e-05
2001	2	1.33422281521014e-05
18017	2	1.33422281521014e-05
23320	2	1.33422281521014e-05
26232	2	1.33422281521014e-05
4134	2	1.33422281521014e-05
3735	2	1.33422281521014e-05
20143	2	1.33422281521014e-05
6212	2	1.33422281521014e-05
2492	2	1.33422281521014e-05
24567	2	1.33422281521014e-05
1687	2	1.33422281521014e-05
9755	2	1.33422281521014e-05
177	2	1.33422281521014e-05
7618	2	1.33422281521014e-05
5910	2	1.33422281521014e-05
19296	2	1.33422281521014e-05
11217	2	1.33422281521014e-05
9484	2	1.33422281521014e-05
9491	2	1.33422281521014e-05
11305	2	1.33422281521014e-05
2535	2	1.33422281521014e-05
28540	2	1.33422281521014e-05
9324	2	1.33422281521014e-05
29741	2	1.33422281521014e-05
28375	2	1.33422281521014e-05
6293	2	1.33422281521014e-05
8153	2	1.33422281521014e-05
24813	2	1.33422281521014e-05
875	2	1.33422281521014e-05
22754	2	1.33422281521014e-05
18647	2	1.33422281521014e-05
26472	2	1.33422281521014e-05
13446	2	1.33422281521014e-05
1497	2	1.33422281521014e-05
19935	2	1.33422281521014e-05
803	2	1.33422281521014e-05
5151	2	1.33422281521014e-05
12209	2	1.33422281521014e-05
7886	2	1.33422281521014e-05
21484	2	1.33422281521014e-05
14542	2	1.33422281521014e-05
7627	2	1.33422281521014e-05
16920	2	1.33422281521014e-05
18222	2	1.33422281521014e-05
19236	2	1.33422281521014e-05
11755	2	1.33422281521014e-05
4557	2	1.33422281521014e-05
10820	2	1.33422281521014e-05
2684	2	1.33422281521014e-05
12354	2	1.33422281521014e-05
12203	2	1.33422281521014e-05
7243	2	1.33422281521014e-05
24070	2	1.33422281521014e-05
2283	2	1.33422281521014e-05
19044	2	1.33422281521014e-05
24150	2	1.33422281521014e-05
12620	2	1.33422281521014e-05
11070	2	1.33422281521014e-05
21043	2	1.33422281521014e-05
15167	2	1.33422281521014e-05
11303	2	1.33422281521014e-05
17169	2	1.33422281521014e-05
16754	2	1.33422281521014e-05
5366	2	1.33422281521014e-05
16376	2	1.33422281521014e-05
21404	2	1.33422281521014e-05
22336	2	1.33422281521014e-05
4602	2	1.33422281521014e-05
28068	2	1.33422281521014e-05
22878	2	1.33422281521014e-05
26113	2	1.33422281521014e-05
5157	2	1.33422281521014e-05
7939	2	1.33422281521014e-05
17147	2	1.33422281521014e-05
27624	2	1.33422281521014e-05
16890	2	1.33422281521014e-05
12260	2	1.33422281521014e-05
3886	2	1.33422281521014e-05
14866	2	1.33422281521014e-05
716	2	1.33422281521014e-05
2373	2	1.33422281521014e-05
4016	2	1.33422281521014e-05
1749	2	1.33422281521014e-05
13489	2	1.33422281521014e-05
1012	2	1.33422281521014e-05
15264	2	1.33422281521014e-05
1573	2	1.33422281521014e-05
14649	2	1.33422281521014e-05
28880	2	1.33422281521014e-05
29881	2	1.33422281521014e-05
1034	2	1.33422281521014e-05
1933	2	1.33422281521014e-05
5370	2	1.33422281521014e-05
2307	2	1.33422281521014e-05
29940	2	1.33422281521014e-05
9366	2	1.33422281521014e-05
12978	2	1.33422281521014e-05
21396	2	1.33422281521014e-05
27201	2	1.33422281521014e-05
12243	2	1.33422281521014e-05
841	2	1.33422281521014e-05
13564	2	1.33422281521014e-05
3984	2	1.33422281521014e-05
1071	2	1.33422281521014e-05
3063	2	1.33422281521014e-05
437	2	1.33422281521014e-05
1523	2	1.33422281521014e-05
25707	2	1.33422281521014e-05
31	2	1.33422281521014e-05
4212	2	1.33422281521014e-05
7521	2	1.33422281521014e-05
4027	2	1.33422281521014e-05
10712	2	1.33422281521014e-05
13256	2	1.33422281521014e-05
6151	2	1.33422281521014e-05
2374	2	1.33422281521014e-05
9373	2	1.33422281521014e-05
2141	2	1.33422281521014e-05
20929	2	1.33422281521014e-05
3474	2	1.33422281521014e-05
9058	2	1.33422281521014e-05
13413	2	1.33422281521014e-05
10778	2	1.33422281521014e-05
27655	2	1.33422281521014e-05
13940	2	1.33422281521014e-05
1997	2	1.33422281521014e-05
10819	2	1.33422281521014e-05
2722	2	1.33422281521014e-05
3142	2	1.33422281521014e-05
9816	2	1.33422281521014e-05
1591	2	1.33422281521014e-05
6964	2	1.33422281521014e-05
19190	2	1.33422281521014e-05
26852	2	1.33422281521014e-05
4940	2	1.33422281521014e-05
25495	2	1.33422281521014e-05
2508	2	1.33422281521014e-05
7281	2	1.33422281521014e-05
15466	2	1.33422281521014e-05
4654	2	1.33422281521014e-05
11202	2	1.33422281521014e-05
24691	2	1.33422281521014e-05
8299	2	1.33422281521014e-05
16767	2	1.33422281521014e-05
10068	2	1.33422281521014e-05
29134	2	1.33422281521014e-05
24292	2	1.33422281521014e-05
11851	2	1.33422281521014e-05
21976	2	1.33422281521014e-05
15290	2	1.33422281521014e-05
3897	2	1.33422281521014e-05
2338	2	1.33422281521014e-05
24053	2	1.33422281521014e-05
3919	2	1.33422281521014e-05
11200	2	1.33422281521014e-05
8475	1	6.6711140760507e-06
9389	1	6.6711140760507e-06
8261	1	6.6711140760507e-06
19541	1	6.6711140760507e-06
17254	1	6.6711140760507e-06
5205	1	6.6711140760507e-06
23078	1	6.6711140760507e-06
18820	1	6.6711140760507e-06
11093	1	6.6711140760507e-06
9682	1	6.6711140760507e-06
6984	1	6.6711140760507e-06
29142	1	6.6711140760507e-06
6407	1	6.6711140760507e-06
1390	1	6.6711140760507e-06
20046	1	6.6711140760507e-06
25318	1	6.6711140760507e-06
26960	1	6.6711140760507e-06
1231	1	6.6711140760507e-06
12247	1	6.6711140760507e-06
8033	1	6.6711140760507e-06
17967	1	6.6711140760507e-06
11142	1	6.6711140760507e-06
17220	1	6.6711140760507e-06
20238	1	6.6711140760507e-06
15994	1	6.6711140760507e-06
9726	1	6.6711140760507e-06
2791	1	6.6711140760507e-06
25208	1	6.6711140760507e-06
2846	1	6.6711140760507e-06
5817	1	6.6711140760507e-06
2121	1	6.6711140760507e-06
18682	1	6.6711140760507e-06
9920	1	6.6711140760507e-06
14909	1	6.6711140760507e-06
20213	1	6.6711140760507e-06
1223	1	6.6711140760507e-06
3606	1	6.6711140760507e-06
3246	1	6.6711140760507e-06
28933	1	6.6711140760507e-06
1644	1	6.6711140760507e-06
23390	1	6.6711140760507e-06
17026	1	6.6711140760507e-06
15173	1	6.6711140760507e-06
813	1	6.6711140760507e-06
10050	1	6.6711140760507e-06
450	1	6.6711140760507e-06
25245	1	6.6711140760507e-06
14348	1	6.6711140760507e-06
14809	1	6.6711140760507e-06
24801	1	6.6711140760507e-06
1288	1	6.6711140760507e-06
4369	1	6.6711140760507e-06
2348	1	6.6711140760507e-06
3639	1	6.6711140760507e-06
18892	1	6.6711140760507e-06
3244	1	6.6711140760507e-06
8857	1	6.6711140760507e-06
26330	1	6.6711140760507e-06
7465	1	6.6711140760507e-06
2762	1	6.6711140760507e-06
26262	1	6.6711140760507e-06
2804	1	6.6711140760507e-06
17368	1	6.6711140760507e-06
12217	1	6.6711140760507e-06
2356	1	6.6711140760507e-06
21766	1	6.6711140760507e-06
14669	1	6.6711140760507e-06
3788	1	6.6711140760507e-06
22906	1	6.6711140760507e-06
26956	1	6.6711140760507e-06
8293	1	6.6711140760507e-06
27962	1	6.6711140760507e-06
17659	1	6.6711140760507e-06
2106	1	6.6711140760507e-06
17654	1	6.6711140760507e-06
3508	1	6.6711140760507e-06
6818	1	6.6711140760507e-06
9909	1	6.6711140760507e-06
29332	1	6.6711140760507e-06
10226	1	6.6711140760507e-06
9336	1	6.6711140760507e-06
16594	1	6.6711140760507e-06
10408	1	6.6711140760507e-06
25070	1	6.6711140760507e-06
100	1	6.6711140760507e-06
6611	1	6.6711140760507e-06
16007	1	6.6711140760507e-06
2742	1	6.6711140760507e-06
6362	1	6.6711140760507e-06
22269	1	6.6711140760507e-06
1818	1	6.6711140760507e-06
18857	1	6.6711140760507e-06
8564	1	6.6711140760507e-06
4573	1	6.6711140760507e-06
21529	1	6.6711140760507e-06
11818	1	6.6711140760507e-06
26067	1	6.6711140760507e-06
11536	1	6.6711140760507e-06
24468	1	6.6711140760507e-06
4206	1	6.6711140760507e-06
6626	1	6.6711140760507e-06
9595	1	6.6711140760507e-06
9671	1	6.6711140760507e-06
23550	1	6.6711140760507e-06
1558	1	6.6711140760507e-06
7579	1	6.6711140760507e-06
6029	1	6.6711140760507e-06
14462	1	6.6711140760507e-06
6501	1	6.6711140760507e-06
7119	1	6.6711140760507e-06
21194	1	6.6711140760507e-06
9358	1	6.6711140760507e-06
2506	1	6.6711140760507e-06
6417	1	6.6711140760507e-06
5027	1	6.6711140760507e-06
24738	1	6.6711140760507e-06
1385	1	6.6711140760507e-06
20835	1	6.6711140760507e-06
9360	1	6.6711140760507e-06
28072	1	6.6711140760507e-06
12303	1	6.6711140760507e-06
3166	1	6.6711140760507e-06
9503	1	6.6711140760507e-06
6757	1	6.6711140760507e-06
869	1	6.6711140760507e-06
27009	1	6.6711140760507e-06
29648	1	6.6711140760507e-06
11454	1	6.6711140760507e-06
4505	1	6.6711140760507e-06
13191	1	6.6711140760507e-06
19301	1	6.6711140760507e-06
14025	1	6.6711140760507e-06
5145	1	6.6711140760507e-06
5983	1	6.6711140760507e-06
25141	1	6.6711140760507e-06
5945	1	6.6711140760507e-06
3393	1	6.6711140760507e-06
4433	1	6.6711140760507e-06
20370	1	6.6711140760507e-06
1486	1	6.6711140760507e-06
5654	1	6.6711140760507e-06
23106	1	6.6711140760507e-06
3900	1	6.6711140760507e-06
17542	1	6.6711140760507e-06
10268	1	6.6711140760507e-06
23765	1	6.6711140760507e-06
24931	1	6.6711140760507e-06
14561	1	6.6711140760507e-06
254	1	6.6711140760507e-06
30197	1	6.6711140760507e-06
13306	1	6.6711140760507e-06
13547	1	6.6711140760507e-06
23290	1	6.6711140760507e-06
16514	1	6.6711140760507e-06
28984	1	6.6711140760507e-06
20090	1	6.6711140760507e-06
10941	1	6.6711140760507e-06
4535	1	6.6711140760507e-06
8673	1	6.6711140760507e-06
28130	1	6.6711140760507e-06
5220	1	6.6711140760507e-06
5139	1	6.6711140760507e-06
28357	1	6.6711140760507e-06
15092	1	6.6711140760507e-06
9956	1	6.6711140760507e-06
25112	1	6.6711140760507e-06
15653	1	6.6711140760507e-06
11163	1	6.6711140760507e-06
19782	1	6.6711140760507e-06
29442	1	6.6711140760507e-06
3195	1	6.6711140760507e-06
3707	1	6.6711140760507e-06
6087	1	6.6711140760507e-06
5878	1	6.6711140760507e-06
1369	1	6.6711140760507e-06
7861	1	6.6711140760507e-06
18772	1	6.6711140760507e-06
29611	1	6.6711140760507e-06
18203	1	6.6711140760507e-06
18829	1	6.6711140760507e-06
5141	1	6.6711140760507e-06
7694	1	6.6711140760507e-06
23383	1	6.6711140760507e-06
8290	1	6.6711140760507e-06
10229	1	6.6711140760507e-06
328	1	6.6711140760507e-06
12232	1	6.6711140760507e-06
15597	1	6.6711140760507e-06
1940	1	6.6711140760507e-06
1514	1	6.6711140760507e-06
6676	1	6.6711140760507e-06
3259	1	6.6711140760507e-06
12903	1	6.6711140760507e-06
6367	1	6.6711140760507e-06
2164	1	6.6711140760507e-06
2193	1	6.6711140760507e-06
22981	1	6.6711140760507e-06
10118	1	6.6711140760507e-06
20599	1	6.6711140760507e-06
8326	1	6.6711140760507e-06
10379	1	6.6711140760507e-06
27269	1	6.6711140760507e-06
11384	1	6.6711140760507e-06
6379	1	6.6711140760507e-06
14261	1	6.6711140760507e-06
1672	1	6.6711140760507e-06
10702	1	6.6711140760507e-06
19252	1	6.6711140760507e-06
6030	1	6.6711140760507e-06
3526	1	6.6711140760507e-06
1678	1	6.6711140760507e-06
5813	1	6.6711140760507e-06
4502	1	6.6711140760507e-06
10730	1	6.6711140760507e-06
259	1	6.6711140760507e-06
18733	1	6.6711140760507e-06
9361	1	6.6711140760507e-06
14185	1	6.6711140760507e-06
25974	1	6.6711140760507e-06
25364	1	6.6711140760507e-06
8706	1	6.6711140760507e-06
1768	1	6.6711140760507e-06
1361	1	6.6711140760507e-06
17224	1	6.6711140760507e-06
270	1	6.6711140760507e-06
7873	1	6.6711140760507e-06
28336	1	6.6711140760507e-06
12693	1	6.6711140760507e-06
4941	1	6.6711140760507e-06
21183	1	6.6711140760507e-06
15831	1	6.6711140760507e-06
5630	1	6.6711140760507e-06
4472	1	6.6711140760507e-06
23117	1	6.6711140760507e-06
33	1	6.6711140760507e-06
12767	1	6.6711140760507e-06
3134	1	6.6711140760507e-06
2529	1	6.6711140760507e-06
3307	1	6.6711140760507e-06
19672	1	6.6711140760507e-06
28200	1	6.6711140760507e-06
373	1	6.6711140760507e-06
10557	1	6.6711140760507e-06
11182	1	6.6711140760507e-06
5601	1	6.6711140760507e-06
15432	1	6.6711140760507e-06
64	1	6.6711140760507e-06
13108	1	6.6711140760507e-06
18564	1	6.6711140760507e-06
9322	1	6.6711140760507e-06
12285	1	6.6711140760507e-06
5982	1	6.6711140760507e-06
9443	1	6.6711140760507e-06
9476	1	6.6711140760507e-06
10821	1	6.6711140760507e-06
257	1	6.6711140760507e-06
18728	1	6.6711140760507e-06
617	1	6.6711140760507e-06
1435	1	6.6711140760507e-06
2473	1	6.6711140760507e-06
2084	1	6.6711140760507e-06
16624	1	6.6711140760507e-06
12300	1	6.6711140760507e-06
9721	1	6.6711140760507e-06
20264	1	6.6711140760507e-06
26038	1	6.6711140760507e-06
21414	1	6.6711140760507e-06
4747	1	6.6711140760507e-06
939	1	6.6711140760507e-06
15763	1	6.6711140760507e-06
11915	1	6.6711140760507e-06
3176	1	6.6711140760507e-06
16415	1	6.6711140760507e-06
5844	1	6.6711140760507e-06
26024	1	6.6711140760507e-06
25966	1	6.6711140760507e-06
10487	1	6.6711140760507e-06
19660	1	6.6711140760507e-06
22411	1	6.6711140760507e-06
9540	1	6.6711140760507e-06
6285	1	6.6711140760507e-06
5287	1	6.6711140760507e-06
7363	1	6.6711140760507e-06
12787	1	6.6711140760507e-06
26077	1	6.6711140760507e-06
13813	1	6.6711140760507e-06
11129	1	6.6711140760507e-06
24258	1	6.6711140760507e-06
19291	1	6.6711140760507e-06
26961	1	6.6711140760507e-06
7376	1	6.6711140760507e-06
29762	1	6.6711140760507e-06
30279	1	6.6711140760507e-06
1568	1	6.6711140760507e-06
10303	1	6.6711140760507e-06
27246	1	6.6711140760507e-06
1586	1	6.6711140760507e-06
5241	1	6.6711140760507e-06
18804	1	6.6711140760507e-06
1994	1	6.6711140760507e-06
27872	1	6.6711140760507e-06
11605	1	6.6711140760507e-06
18023	1	6.6711140760507e-06
19222	1	6.6711140760507e-06
11481	1	6.6711140760507e-06
4842	1	6.6711140760507e-06
19963	1	6.6711140760507e-06
6425	1	6.6711140760507e-06
3217	1	6.6711140760507e-06
16668	1	6.6711140760507e-06
11325	1	6.6711140760507e-06
15273	1	6.6711140760507e-06
4473	1	6.6711140760507e-06
14205	1	6.6711140760507e-06
14536	1	6.6711140760507e-06
11442	1	6.6711140760507e-06
4353	1	6.6711140760507e-06
2357	1	6.6711140760507e-06
5667	1	6.6711140760507e-06
22183	1	6.6711140760507e-06
6131	1	6.6711140760507e-06
7725	1	6.6711140760507e-06
1799	1	6.6711140760507e-06
19690	1	6.6711140760507e-06
5856	1	6.6711140760507e-06
16516	1	6.6711140760507e-06
13821	1	6.6711140760507e-06
10025	1	6.6711140760507e-06
15536	1	6.6711140760507e-06
11910	1	6.6711140760507e-06
29787	1	6.6711140760507e-06
1056	1	6.6711140760507e-06
5079	1	6.6711140760507e-06
16088	1	6.6711140760507e-06
25662	1	6.6711140760507e-06
26134	1	6.6711140760507e-06
29093	1	6.6711140760507e-06
7258	1	6.6711140760507e-06
10480	1	6.6711140760507e-06
30563	1	6.6711140760507e-06
14376	1	6.6711140760507e-06
2431	1	6.6711140760507e-06
24782	1	6.6711140760507e-06
10345	1	6.6711140760507e-06
4329	1	6.6711140760507e-06
7445	1	6.6711140760507e-06
12554	1	6.6711140760507e-06
15017	1	6.6711140760507e-06
1011	1	6.6711140760507e-06
4338	1	6.6711140760507e-06
5506	1	6.6711140760507e-06
16400	1	6.6711140760507e-06
5470	1	6.6711140760507e-06
9403	1	6.6711140760507e-06
20809	1	6.6711140760507e-06
12198	1	6.6711140760507e-06
17227	1	6.6711140760507e-06
10038	1	6.6711140760507e-06
24448	1	6.6711140760507e-06
17083	1	6.6711140760507e-06
19993	1	6.6711140760507e-06
27558	1	6.6711140760507e-06
6109	1	6.6711140760507e-06
8685	1	6.6711140760507e-06
27445	1	6.6711140760507e-06
5469	1	6.6711140760507e-06
4160	1	6.6711140760507e-06
3095	1	6.6711140760507e-06
5610	1	6.6711140760507e-06
446	1	6.6711140760507e-06
6136	1	6.6711140760507e-06
18798	1	6.6711140760507e-06
5054	1	6.6711140760507e-06
28716	1	6.6711140760507e-06
2526	1	6.6711140760507e-06
2148	1	6.6711140760507e-06
26873	1	6.6711140760507e-06
14975	1	6.6711140760507e-06
3035	1	6.6711140760507e-06
16265	1	6.6711140760507e-06
7343	1	6.6711140760507e-06
6154	1	6.6711140760507e-06
15105	1	6.6711140760507e-06
26826	1	6.6711140760507e-06
22432	1	6.6711140760507e-06
30519	1	6.6711140760507e-06
762	1	6.6711140760507e-06
19774	1	6.6711140760507e-06
26548	1	6.6711140760507e-06
21161	1	6.6711140760507e-06
17684	1	6.6711140760507e-06
15570	1	6.6711140760507e-06
15450	1	6.6711140760507e-06
11620	1	6.6711140760507e-06
795	1	6.6711140760507e-06
28227	1	6.6711140760507e-06
17003	1	6.6711140760507e-06
21063	1	6.6711140760507e-06
19631	1	6.6711140760507e-06
25912	1	6.6711140760507e-06
20605	1	6.6711140760507e-06
19182	1	6.6711140760507e-06
26462	1	6.6711140760507e-06
19349	1	6.6711140760507e-06
5286	1	6.6711140760507e-06
9275	1	6.6711140760507e-06
21728	1	6.6711140760507e-06
22569	1	6.6711140760507e-06
5715	1	6.6711140760507e-06
5464	1	6.6711140760507e-06
18563	1	6.6711140760507e-06
5649	1	6.6711140760507e-06
17162	1	6.6711140760507e-06
11738	1	6.6711140760507e-06
20993	1	6.6711140760507e-06
6053	1	6.6711140760507e-06
25946	1	6.6711140760507e-06
15337	1	6.6711140760507e-06
2003	1	6.6711140760507e-06
27410	1	6.6711140760507e-06
3680	1	6.6711140760507e-06
3473	1	6.6711140760507e-06
13322	1	6.6711140760507e-06
14075	1	6.6711140760507e-06
30689	1	6.6711140760507e-06
26953	1	6.6711140760507e-06
25126	1	6.6711140760507e-06
30075	1	6.6711140760507e-06
663	1	6.6711140760507e-06
9152	1	6.6711140760507e-06
9527	1	6.6711140760507e-06
15807	1	6.6711140760507e-06
1396	1	6.6711140760507e-06
26476	1	6.6711140760507e-06
22144	1	6.6711140760507e-06
5410	1	6.6711140760507e-06
19859	1	6.6711140760507e-06
25658	1	6.6711140760507e-06
16033	1	6.6711140760507e-06
13686	1	6.6711140760507e-06
12004	1	6.6711140760507e-06
623	1	6.6711140760507e-06
14697	1	6.6711140760507e-06
24641	1	6.6711140760507e-06
23714	1	6.6711140760507e-06
3037	1	6.6711140760507e-06
10277	1	6.6711140760507e-06
15269	1	6.6711140760507e-06
382	1	6.6711140760507e-06
5883	1	6.6711140760507e-06
1882	1	6.6711140760507e-06
9881	1	6.6711140760507e-06
8751	1	6.6711140760507e-06
4548	1	6.6711140760507e-06
10008	1	6.6711140760507e-06
598	1	6.6711140760507e-06
6712	1	6.6711140760507e-06
1464	1	6.6711140760507e-06
27127	1	6.6711140760507e-06
10254	1	6.6711140760507e-06
27429	1	6.6711140760507e-06
488	1	6.6711140760507e-06
7774	1	6.6711140760507e-06
12971	1	6.6711140760507e-06
8199	1	6.6711140760507e-06
30011	1	6.6711140760507e-06
12434	1	6.6711140760507e-06
21107	1	6.6711140760507e-06
30331	1	6.6711140760507e-06
9627	1	6.6711140760507e-06
5636	1	6.6711140760507e-06
12885	1	6.6711140760507e-06
17403	1	6.6711140760507e-06
16987	1	6.6711140760507e-06
29700	1	6.6711140760507e-06
17108	1	6.6711140760507e-06
10918	1	6.6711140760507e-06
7908	1	6.6711140760507e-06
13494	1	6.6711140760507e-06
28596	1	6.6711140760507e-06
2546	1	6.6711140760507e-06
9292	1	6.6711140760507e-06
17572	1	6.6711140760507e-06
15944	1	6.6711140760507e-06
24554	1	6.6711140760507e-06
7515	1	6.6711140760507e-06
8113	1	6.6711140760507e-06
22882	1	6.6711140760507e-06
1450	1	6.6711140760507e-06
5456	1	6.6711140760507e-06
7654	1	6.6711140760507e-06
20972	1	6.6711140760507e-06
13766	1	6.6711140760507e-06
7837	1	6.6711140760507e-06
27577	1	6.6711140760507e-06
4920	1	6.6711140760507e-06
5524	1	6.6711140760507e-06
7060	1	6.6711140760507e-06
1227	1	6.6711140760507e-06
28381	1	6.6711140760507e-06
15506	1	6.6711140760507e-06
14544	1	6.6711140760507e-06
13559	1	6.6711140760507e-06
230	1	6.6711140760507e-06
25637	1	6.6711140760507e-06
18460	1	6.6711140760507e-06
19902	1	6.6711140760507e-06
16405	1	6.6711140760507e-06
7626	1	6.6711140760507e-06
2440	1	6.6711140760507e-06
1689	1	6.6711140760507e-06
10474	1	6.6711140760507e-06
27728	1	6.6711140760507e-06
22390	1	6.6711140760507e-06
17458	1	6.6711140760507e-06
10683	1	6.6711140760507e-06
6197	1	6.6711140760507e-06
20413	1	6.6711140760507e-06
2554	1	6.6711140760507e-06
24485	1	6.6711140760507e-06
1599	1	6.6711140760507e-06
15658	1	6.6711140760507e-06
11140	1	6.6711140760507e-06
18191	1	6.6711140760507e-06
2524	1	6.6711140760507e-06
8519	1	6.6711140760507e-06
8019	1	6.6711140760507e-06
8704	1	6.6711140760507e-06
16429	1	6.6711140760507e-06
3790	1	6.6711140760507e-06
17054	1	6.6711140760507e-06
7114	1	6.6711140760507e-06
12032	1	6.6711140760507e-06
2799	1	6.6711140760507e-06
9120	1	6.6711140760507e-06
2391	1	6.6711140760507e-06
19689	1	6.6711140760507e-06
12634	1	6.6711140760507e-06
603	1	6.6711140760507e-06
17037	1	6.6711140760507e-06
3274	1	6.6711140760507e-06
295	1	6.6711140760507e-06
11759	1	6.6711140760507e-06
2476	1	6.6711140760507e-06
7664	1	6.6711140760507e-06
12769	1	6.6711140760507e-06
9676	1	6.6711140760507e-06
3472	1	6.6711140760507e-06
5050	1	6.6711140760507e-06
6682	1	6.6711140760507e-06
724	1	6.6711140760507e-06
4720	1	6.6711140760507e-06
12370	1	6.6711140760507e-06
19115	1	6.6711140760507e-06
18492	1	6.6711140760507e-06
27907	1	6.6711140760507e-06
21568	1	6.6711140760507e-06
8133	1	6.6711140760507e-06
6844	1	6.6711140760507e-06
9704	1	6.6711140760507e-06
1795	1	6.6711140760507e-06
20211	1	6.6711140760507e-06
8110	1	6.6711140760507e-06
25360	1	6.6711140760507e-06
10848	1	6.6711140760507e-06
8147	1	6.6711140760507e-06
6884	1	6.6711140760507e-06
22252	1	6.6711140760507e-06
7467	1	6.6711140760507e-06
26006	1	6.6711140760507e-06
12846	1	6.6711140760507e-06
2882	1	6.6711140760507e-06
14538	1	6.6711140760507e-06
2967	1	6.6711140760507e-06
27980	1	6.6711140760507e-06
16540	1	6.6711140760507e-06
6790	1	6.6711140760507e-06
10026	1	6.6711140760507e-06
629	1	6.6711140760507e-06
3256	1	6.6711140760507e-06
13490	1	6.6711140760507e-06
3684	1	6.6711140760507e-06
27440	1	6.6711140760507e-06
55	1	6.6711140760507e-06
18722	1	6.6711140760507e-06
5562	1	6.6711140760507e-06
2053	1	6.6711140760507e-06
26060	1	6.6711140760507e-06
14741	1	6.6711140760507e-06
29702	1	6.6711140760507e-06
29396	1	6.6711140760507e-06
29763	1	6.6711140760507e-06
425	1	6.6711140760507e-06
21385	1	6.6711140760507e-06
863	1	6.6711140760507e-06
2070	1	6.6711140760507e-06
2876	1	6.6711140760507e-06
2645	1	6.6711140760507e-06
14106	1	6.6711140760507e-06
11183	1	6.6711140760507e-06
20390	1	6.6711140760507e-06
129	1	6.6711140760507e-06
30667	1	6.6711140760507e-06
16269	1	6.6711140760507e-06
4031	1	6.6711140760507e-06
23172	1	6.6711140760507e-06
17736	1	6.6711140760507e-06
5842	1	6.6711140760507e-06
26493	1	6.6711140760507e-06
10098	1	6.6711140760507e-06
8950	1	6.6711140760507e-06
13931	1	6.6711140760507e-06
20127	1	6.6711140760507e-06
6794	1	6.6711140760507e-06
18093	1	6.6711140760507e-06
28408	1	6.6711140760507e-06
3985	1	6.6711140760507e-06
8559	1	6.6711140760507e-06
15631	1	6.6711140760507e-06
12414	1	6.6711140760507e-06
13757	1	6.6711140760507e-06
19439	1	6.6711140760507e-06
12774	1	6.6711140760507e-06
16445	1	6.6711140760507e-06
26793	1	6.6711140760507e-06
22385	1	6.6711140760507e-06
5793	1	6.6711140760507e-06
15529	1	6.6711140760507e-06
7656	1	6.6711140760507e-06
26444	1	6.6711140760507e-06
430	1	6.6711140760507e-06
15518	1	6.6711140760507e-06
15471	1	6.6711140760507e-06
13640	1	6.6711140760507e-06
26108	1	6.6711140760507e-06
12925	1	6.6711140760507e-06
7361	1	6.6711140760507e-06
13134	1	6.6711140760507e-06
11160	1	6.6711140760507e-06
7292	1	6.6711140760507e-06
9563	1	6.6711140760507e-06
611	1	6.6711140760507e-06
4037	1	6.6711140760507e-06
14916	1	6.6711140760507e-06
4288	1	6.6711140760507e-06
10203	1	6.6711140760507e-06
17001	1	6.6711140760507e-06
20101	1	6.6711140760507e-06
27111	1	6.6711140760507e-06
