29525	2488	0.02386570743405276
11535	2274	0.02181294964028777
8438	2148	0.02060431654676259
29616	1975	0.01894484412470024
25472	1630	0.015635491606714628
15622	1605	0.01539568345323741
3425	1492	0.014311750599520385
28236	1492	0.014311750599520385
7863	1312	0.012585131894484413
4488	1311	0.012575539568345324
2704	1273	0.012211031175059952
1301	1266	0.01214388489208633
11601	1257	0.012057553956834532
1220	1250	0.011990407673860911
17890	1230	0.011798561151079136
2320	1199	0.011501199040767386
18484	1173	0.011251798561151079
19370	1171	0.011232613908872901
15047	1122	0.010762589928057554
891	1035	0.009928057553956834
9515	1021	0.009793764988009592
21363	946	0.009074340527577938
5246	944	0.00905515587529976
1612	902	0.008652278177458034
134	902	0.008652278177458034
21547	895	0.008585131894484413
15799	863	0.008278177458033572
16276	851	0.008163069544364509
2914	844	0.008095923261390888
18357	837	0.008028776978417267
26419	818	0.00784652278177458
6603	801	0.007683453237410072
25617	699	0.006705035971223022
23892	688	0.006599520383693045
3496	685	0.0065707434052757795
5270	670	0.006426858513189448
16878	664	0.006369304556354916
25486	634	0.006081534772182254
18112	633	0.006071942446043165
12305	629	0.0060335731414868105
30502	620	0.005947242206235012
3861	604	0.005793764988009592
11412	584	0.005601918465227818
27756	583	0.005592326139088729
12121	579	0.005553956834532374
14622	576	0.005525179856115108
12722	576	0.005525179856115108
14278	558	0.005352517985611511
27718	553	0.005304556354916067
686	552	0.005294964028776978
323	542	0.005199040767386091
25819	542	0.005199040767386091
13024	531	0.005093525179856115
8501	526	0.005045563549160671
26189	520	0.004988009592326139
1716	509	0.004882494004796163
18826	501	0.004805755395683453
18536	497	0.004767386091127098
10742	495	0.004748201438848921
23730	494	0.004738609112709832
7176	493	0.004729016786570743
18509	492	0.0047194244604316545
24151	491	0.0047098321342925655
2192	488	0.0046810551558753
20573	487	0.004671462829736211
7227	486	0.004661870503597123
11137	479	0.004594724220623501
3105	466	0.004470023980815347
3284	465	0.004460431654676259
20102	457	0.004383693045563549
8976	447	0.004287769784172662
8449	446	0.004278177458033573
11951	439	0.004211031175059952
30629	437	0.004191846522781774
4370	434	0.0041630695443645085
1843	430	0.004124700239808154
29366	413	0.003961630695443645
21600	404	0.0038752997601918466
9217	402	0.003856115107913669
6640	399	0.0038273381294964028
796	389	0.0037314148681055156
29295	385	0.0036930455635491607
16378	385	0.0036930455635491607
13701	380	0.003645083932853717
10220	374	0.0035875299760191846
5109	373	0.003577937649880096
262	357	0.0034244604316546762
17581	357	0.0034244604316546762
2147	348	0.0033381294964028776
4947	341	0.003270983213429257
3650	337	0.0032326139088729015
3720	337	0.0032326139088729015
1180	335	0.003213429256594724
16397	335	0.003213429256594724
19490	328	0.0031462829736211033
7549	327	0.0031366906474820143
8591	320	0.003069544364508393
22616	312	0.0029928057553956834
8262	312	0.0029928057553956834
26626	309	0.0029640287769784174
3716	304	0.0029160671462829736
14593	304	0.0029160671462829736
16009	300	0.0028776978417266188
8022	299	0.00286810551558753
28830	295	0.002829736211031175
10266	288	0.002762589928057554
2501	285	0.002733812949640288
28430	273	0.002618705035971223
4785	270	0.002589928057553957
9880	264	0.0025323741007194246
19132	257	0.0024652278177458033
17058	255	0.002446043165467626
175	254	0.002436450839328537
6052	250	0.002398081534772182
13644	235	0.002254196642685851
19895	234	0.0022446043165467626
23160	234	0.0022446043165467626
19121	233	0.0022350119904076737
19471	221	0.002119904076738609
3883	216	0.0020719424460431653
5030	215	0.002062350119904077
18178	214	0.002052757793764988
13116	213	0.0020431654676258994
24122	209	0.0020047961630695445
8065	208	0.0019952038369304556
2606	208	0.0019952038369304556
28274	206	0.001976019184652278
11734	205	0.0019664268585131896
7617	203	0.001947242206235012
5594	200	0.0019184652278177458
2482	197	0.0018896882494004797
12945	195	0.0018705035971223023
7318	192	0.001841726618705036
3648	187	0.0017937649880095923
7777	182	0.0017458033573141487
17562	179	0.0017170263788968826
3278	176	0.0016882494004796162
3625	175	0.0016786570743405275
11033	172	0.0016498800959232614
440	171	0.0016402877697841726
23933	170	0.001630695443645084
18879	167	0.0016019184652278178
3080	165	0.0015827338129496403
11928	164	0.0015731414868105516
23668	163	0.001563549160671463
7107	163	0.001563549160671463
2715	162	0.0015539568345323742
9824	156	0.0014964028776978417
21957	150	0.0014388489208633094
28629	150	0.0014388489208633094
25049	149	0.0014292565947242207
11922	149	0.0014292565947242207
117	147	0.0014100719424460432
7954	146	0.0014004796163069545
881	145	0.0013908872901678658
14641	144	0.001381294964028777
18177	144	0.001381294964028777
15016	139	0.0013333333333333333
22893	139	0.0013333333333333333
23644	139	0.0013333333333333333
3738	139	0.0013333333333333333
14863	137	0.0013141486810551559
15999	136	0.0013045563549160671
470	135	0.0012949640287769784
1926	134	0.0012853717026378897
21213	132	0.0012661870503597123
868	131	0.0012565947242206236
10864	130	0.0012470023980815348
9837	128	0.0012278177458033574
621	126	0.0012086330935251798
14873	123	0.0011798561151079136
1189	122	0.001170263788968825
21902	122	0.001170263788968825
27182	122	0.001170263788968825
16350	118	0.00113189448441247
6237	118	0.00113189448441247
25008	117	0.0011223021582733813
24135	115	0.0011031175059952039
10539	111	0.001064748201438849
16035	111	0.001064748201438849
14437	110	0.00105515587529976
1253	110	0.00105515587529976
27586	110	0.00105515587529976
7401	109	0.0010455635491606714
15848	106	0.0010167865707434052
13450	106	0.0010167865707434052
2865	106	0.0010167865707434052
10933	105	0.0010071942446043165
4800	104	0.0009976019184652278
2298	104	0.0009976019184652278
28142	104	0.0009976019184652278
15853	103	0.000988009592326139
281	100	0.0009592326139088729
2225	95	0.0009112709832134292
22451	92	0.0008824940047961631
8842	92	0.0008824940047961631
19042	90	0.0008633093525179857
17021	90	0.0008633093525179857
14176	90	0.0008633093525179857
14613	90	0.0008633093525179857
2647	89	0.0008537170263788969
1328	88	0.0008441247002398081
2875	87	0.0008345323741007194
18644	86	0.0008249400479616307
16305	86	0.0008249400479616307
14776	83	0.0007961630695443645
7217	83	0.0007961630695443645
17279	82	0.0007865707434052758
28205	82	0.0007865707434052758
5486	81	0.0007769784172661871
5318	81	0.0007769784172661871
4101	81	0.0007769784172661871
22059	80	0.0007673860911270983
22333	80	0.0007673860911270983
26526	79	0.0007577937649880096
6396	77	0.0007386091127098321
4108	77	0.0007386091127098321
14402	77	0.0007386091127098321
12292	76	0.0007290167865707434
1156	75	0.0007194244604316547
8430	75	0.0007194244604316547
971	75	0.0007194244604316547
29612	74	0.000709832134292566
24707	74	0.000709832134292566
27134	74	0.000709832134292566
3481	73	0.0007002398081534773
27318	71	0.0006810551558752997
746	70	0.000671462829736211
26959	70	0.000671462829736211
16449	70	0.000671462829736211
8675	69	0.0006618705035971223
23159	69	0.0006618705035971223
24937	69	0.0006618705035971223
23262	68	0.0006522781774580336
3942	67	0.0006426858513189449
6369	66	0.0006330935251798561
8383	65	0.0006235011990407674
1377	65	0.0006235011990407674
12869	65	0.0006235011990407674
826	62	0.0005947242206235012
14818	61	0.0005851318944844124
19941	61	0.0005851318944844124
27695	61	0.0005851318944844124
2402	61	0.0005851318944844124
16921	60	0.0005755395683453237
703	59	0.000565947242206235
7412	59	0.000565947242206235
4451	59	0.000565947242206235
22386	59	0.000565947242206235
25404	58	0.0005563549160671463
5554	57	0.0005467625899280576
11397	57	0.0005467625899280576
1582	57	0.0005467625899280576
7086	57	0.0005467625899280576
18245	54	0.0005179856115107913
30408	53	0.0005083932853717026
14508	53	0.0005083932853717026
13950	53	0.0005083932853717026
20571	52	0.0004988009592326139
1104	52	0.0004988009592326139
27770	52	0.0004988009592326139
8471	52	0.0004988009592326139
11271	52	0.0004988009592326139
20384	52	0.0004988009592326139
2906	51	0.0004892086330935252
13886	51	0.0004892086330935252
12575	51	0.0004892086330935252
14277	50	0.00047961630695443646
17672	50	0.00047961630695443646
3030	50	0.00047961630695443646
27937	50	0.00047961630695443646
27785	49	0.00047002398081534775
15627	49	0.00047002398081534775
2318	49	0.00047002398081534775
20987	49	0.00047002398081534775
6680	48	0.000460431654676259
7150	48	0.000460431654676259
7326	48	0.000460431654676259
8497	48	0.000460431654676259
10636	48	0.000460431654676259
4256	47	0.00045083932853717026
11312	47	0.00045083932853717026
10559	46	0.00044124700239808154
5760	46	0.00044124700239808154
7424	45	0.0004316546762589928
20906	45	0.0004316546762589928
17051	45	0.0004316546762589928
14228	44	0.00042206235011990406
14122	44	0.00042206235011990406
8557	44	0.00042206235011990406
15121	44	0.00042206235011990406
4904	43	0.00041247002398081534
9101	43	0.00041247002398081534
21527	43	0.00041247002398081534
1846	43	0.00041247002398081534
15516	43	0.00041247002398081534
29996	43	0.00041247002398081534
27883	42	0.0004028776978417266
18283	42	0.0004028776978417266
4553	42	0.0004028776978417266
16083	41	0.0003932853717026379
23757	41	0.0003932853717026379
14661	40	0.00038369304556354914
6730	40	0.00038369304556354914
1337	40	0.00038369304556354914
7389	40	0.00038369304556354914
3973	39	0.0003741007194244604
27158	39	0.0003741007194244604
13627	39	0.0003741007194244604
27650	39	0.0003741007194244604
15749	38	0.0003645083932853717
26468	38	0.0003645083932853717
12455	38	0.0003645083932853717
25234	38	0.0003645083932853717
216	37	0.000354916067146283
28612	37	0.000354916067146283
3560	37	0.000354916067146283
21942	36	0.00034532374100719427
7856	36	0.00034532374100719427
25800	36	0.00034532374100719427
11258	36	0.00034532374100719427
26183	35	0.0003357314148681055
993	35	0.0003357314148681055
3480	34	0.0003261390887290168
3528	34	0.0003261390887290168
2010	34	0.0003261390887290168
5888	34	0.0003261390887290168
28942	33	0.00031654676258992807
8346	33	0.00031654676258992807
777	33	0.00031654676258992807
16922	33	0.00031654676258992807
589	33	0.00031654676258992807
7180	33	0.00031654676258992807
24694	33	0.00031654676258992807
21378	33	0.00031654676258992807
1929	33	0.00031654676258992807
15605	32	0.00030695443645083935
4956	32	0.00030695443645083935
5087	32	0.00030695443645083935
14115	32	0.00030695443645083935
1413	31	0.0002973621103117506
25254	31	0.0002973621103117506
16112	31	0.0002973621103117506
11211	31	0.0002973621103117506
2118	31	0.0002973621103117506
28143	30	0.00028776978417266187
30246	30	0.00028776978417266187
876	30	0.00028776978417266187
1872	30	0.00028776978417266187
27197	30	0.00028776978417266187
22851	30	0.00028776978417266187
13166	29	0.00027817745803357315
27333	29	0.00027817745803357315
19812	29	0.00027817745803357315
8811	28	0.00026858513189448443
30255	28	0.00026858513189448443
8820	28	0.00026858513189448443
25498	28	0.00026858513189448443
3242	27	0.00025899280575539566
17443	27	0.00025899280575539566
3564	27	0.00025899280575539566
9088	27	0.00025899280575539566
2981	27	0.00025899280575539566
1565	27	0.00025899280575539566
953	27	0.00025899280575539566
11067	26	0.00024940047961630695
4352	26	0.00024940047961630695
6110	25	0.00023980815347721823
3457	25	0.00023980815347721823
9175	25	0.00023980815347721823
9422	25	0.00023980815347721823
11260	25	0.00023980815347721823
27399	25	0.00023980815347721823
10371	25	0.00023980815347721823
19663	25	0.00023980815347721823
2932	25	0.00023980815347721823
20003	24	0.0002302158273381295
7459	24	0.0002302158273381295
6973	24	0.0002302158273381295
6861	24	0.0002302158273381295
3769	24	0.0002302158273381295
1001	24	0.0002302158273381295
22797	24	0.0002302158273381295
14381	24	0.0002302158273381295
218	24	0.0002302158273381295
3869	24	0.0002302158273381295
3975	24	0.0002302158273381295
3371	23	0.00022062350119904077
9150	23	0.00022062350119904077
14632	23	0.00022062350119904077
12062	23	0.00022062350119904077
3960	23	0.00022062350119904077
3438	22	0.00021103117505995203
15489	22	0.00021103117505995203
26816	22	0.00021103117505995203
11473	22	0.00021103117505995203
1655	22	0.00021103117505995203
19138	22	0.00021103117505995203
10779	22	0.00021103117505995203
5355	22	0.00021103117505995203
25968	21	0.0002014388489208633
1708	21	0.0002014388489208633
5110	21	0.0002014388489208633
4052	21	0.0002014388489208633
593	21	0.0002014388489208633
12892	21	0.0002014388489208633
30091	21	0.0002014388489208633
19991	20	0.00019184652278177457
7346	20	0.00019184652278177457
9321	20	0.00019184652278177457
26306	20	0.00019184652278177457
6969	20	0.00019184652278177457
27299	20	0.00019184652278177457
29113	20	0.00019184652278177457
12156	20	0.00019184652278177457
937	20	0.00019184652278177457
16125	20	0.00019184652278177457
19118	19	0.00018225419664268585
13333	19	0.00018225419664268585
2028	19	0.00018225419664268585
7329	19	0.00018225419664268585
6231	19	0.00018225419664268585
12014	19	0.00018225419664268585
9147	19	0.00018225419664268585
301	19	0.00018225419664268585
28448	19	0.00018225419664268585
24040	19	0.00018225419664268585
18894	19	0.00018225419664268585
21975	19	0.00018225419664268585
18888	18	0.00017266187050359714
5023	18	0.00017266187050359714
5354	18	0.00017266187050359714
14699	18	0.00017266187050359714
17415	18	0.00017266187050359714
989	18	0.00017266187050359714
303	17	0.0001630695443645084
3289	17	0.0001630695443645084
1892	17	0.0001630695443645084
25502	17	0.0001630695443645084
20059	17	0.0001630695443645084
4133	17	0.0001630695443645084
15330	17	0.0001630695443645084
11893	17	0.0001630695443645084
11611	17	0.0001630695443645084
19824	17	0.0001630695443645084
3870	17	0.0001630695443645084
15704	17	0.0001630695443645084
7439	17	0.0001630695443645084
12448	16	0.00015347721822541968
17994	16	0.00015347721822541968
7301	16	0.00015347721822541968
1476	16	0.00015347721822541968
3504	16	0.00015347721822541968
7061	16	0.00015347721822541968
2672	16	0.00015347721822541968
15760	16	0.00015347721822541968
5916	16	0.00015347721822541968
13988	16	0.00015347721822541968
20664	15	0.00014388489208633093
7241	15	0.00014388489208633093
4994	15	0.00014388489208633093
12123	15	0.00014388489208633093
2633	15	0.00014388489208633093
4552	15	0.00014388489208633093
10123	15	0.00014388489208633093
4648	15	0.00014388489208633093
7284	15	0.00014388489208633093
18711	15	0.00014388489208633093
9734	15	0.00014388489208633093
8049	15	0.00014388489208633093
9529	15	0.00014388489208633093
26891	15	0.00014388489208633093
560	15	0.00014388489208633093
24124	15	0.00014388489208633093
5173	15	0.00014388489208633093
15074	14	0.00013429256594724222
3158	14	0.00013429256594724222
7645	14	0.00013429256594724222
5399	14	0.00013429256594724222
601	14	0.00013429256594724222
22489	14	0.00013429256594724222
20313	14	0.00013429256594724222
4434	14	0.00013429256594724222
25100	14	0.00013429256594724222
11892	14	0.00013429256594724222
23085	14	0.00013429256594724222
6311	14	0.00013429256594724222
7911	14	0.00013429256594724222
18055	14	0.00013429256594724222
13994	14	0.00013429256594724222
5926	14	0.00013429256594724222
1355	14	0.00013429256594724222
13217	14	0.00013429256594724222
17250	13	0.00012470023980815347
1441	13	0.00012470023980815347
23254	13	0.00012470023980815347
495	13	0.00012470023980815347
24287	13	0.00012470023980815347
9689	13	0.00012470023980815347
7184	13	0.00012470023980815347
4489	13	0.00012470023980815347
21588	13	0.00012470023980815347
7468	13	0.00012470023980815347
5555	13	0.00012470023980815347
12901	13	0.00012470023980815347
9451	13	0.00012470023980815347
3767	13	0.00012470023980815347
5381	12	0.00011510791366906474
18699	12	0.00011510791366906474
1518	12	0.00011510791366906474
9263	12	0.00011510791366906474
9550	12	0.00011510791366906474
21499	12	0.00011510791366906474
27540	12	0.00011510791366906474
3802	12	0.00011510791366906474
6477	12	0.00011510791366906474
2452	12	0.00011510791366906474
12608	12	0.00011510791366906474
14979	12	0.00011510791366906474
4767	12	0.00011510791366906474
25729	12	0.00011510791366906474
6241	12	0.00011510791366906474
26192	12	0.00011510791366906474
1166	12	0.00011510791366906474
3962	12	0.00011510791366906474
13489	11	0.00010551558752997601
7807	11	0.00010551558752997601
1284	11	0.00010551558752997601
7682	11	0.00010551558752997601
21193	11	0.00010551558752997601
3019	11	0.00010551558752997601
1560	11	0.00010551558752997601
4877	11	0.00010551558752997601
11941	11	0.00010551558752997601
44	11	0.00010551558752997601
6174	11	0.00010551558752997601
1164	11	0.00010551558752997601
2696	11	0.00010551558752997601
2951	11	0.00010551558752997601
9771	11	0.00010551558752997601
25815	11	0.00010551558752997601
25568	11	0.00010551558752997601
28480	11	0.00010551558752997601
2272	10	9.592326139088728e-05
12803	10	9.592326139088728e-05
21888	10	9.592326139088728e-05
22735	10	9.592326139088728e-05
17133	10	9.592326139088728e-05
15550	10	9.592326139088728e-05
22623	10	9.592326139088728e-05
21325	10	9.592326139088728e-05
30328	10	9.592326139088728e-05
20457	10	9.592326139088728e-05
4304	10	9.592326139088728e-05
22277	10	9.592326139088728e-05
6098	10	9.592326139088728e-05
10840	10	9.592326139088728e-05
17830	10	9.592326139088728e-05
23189	10	9.592326139088728e-05
29365	10	9.592326139088728e-05
811	10	9.592326139088728e-05
20129	10	9.592326139088728e-05
26621	10	9.592326139088728e-05
2218	10	9.592326139088728e-05
22177	10	9.592326139088728e-05
15421	10	9.592326139088728e-05
15028	10	9.592326139088728e-05
8790	10	9.592326139088728e-05
24315	10	9.592326139088728e-05
8655	10	9.592326139088728e-05
14270	10	9.592326139088728e-05
11449	10	9.592326139088728e-05
7949	9	8.633093525179857e-05
24079	9	8.633093525179857e-05
27041	9	8.633093525179857e-05
290	9	8.633093525179857e-05
28618	9	8.633093525179857e-05
24094	9	8.633093525179857e-05
7200	9	8.633093525179857e-05
3580	9	8.633093525179857e-05
2557	9	8.633093525179857e-05
13170	9	8.633093525179857e-05
26570	9	8.633093525179857e-05
10012	9	8.633093525179857e-05
1873	9	8.633093525179857e-05
26119	9	8.633093525179857e-05
5154	9	8.633093525179857e-05
177	9	8.633093525179857e-05
21689	9	8.633093525179857e-05
447	9	8.633093525179857e-05
6800	9	8.633093525179857e-05
23504	9	8.633093525179857e-05
3529	9	8.633093525179857e-05
8926	9	8.633093525179857e-05
13327	9	8.633093525179857e-05
5457	9	8.633093525179857e-05
233	9	8.633093525179857e-05
8563	9	8.633093525179857e-05
29758	9	8.633093525179857e-05
21232	9	8.633093525179857e-05
13208	9	8.633093525179857e-05
25833	9	8.633093525179857e-05
927	8	7.673860911270984e-05
7875	8	7.673860911270984e-05
2465	8	7.673860911270984e-05
26067	8	7.673860911270984e-05
10049	8	7.673860911270984e-05
11097	8	7.673860911270984e-05
25581	8	7.673860911270984e-05
11450	8	7.673860911270984e-05
14389	8	7.673860911270984e-05
27894	8	7.673860911270984e-05
2491	8	7.673860911270984e-05
12996	8	7.673860911270984e-05
21048	8	7.673860911270984e-05
28949	8	7.673860911270984e-05
30032	8	7.673860911270984e-05
4593	8	7.673860911270984e-05
10341	8	7.673860911270984e-05
14418	8	7.673860911270984e-05
22362	8	7.673860911270984e-05
5257	8	7.673860911270984e-05
19358	8	7.673860911270984e-05
18499	8	7.673860911270984e-05
16962	8	7.673860911270984e-05
22744	8	7.673860911270984e-05
30438	8	7.673860911270984e-05
9657	8	7.673860911270984e-05
3001	8	7.673860911270984e-05
27146	8	7.673860911270984e-05
13109	8	7.673860911270984e-05
20720	8	7.673860911270984e-05
6360	8	7.673860911270984e-05
3559	8	7.673860911270984e-05
5366	8	7.673860911270984e-05
13106	8	7.673860911270984e-05
22754	7	6.714628297362111e-05
7131	7	6.714628297362111e-05
13404	7	6.714628297362111e-05
4449	7	6.714628297362111e-05
11665	7	6.714628297362111e-05
27743	7	6.714628297362111e-05
10017	7	6.714628297362111e-05
23038	7	6.714628297362111e-05
4738	7	6.714628297362111e-05
29163	7	6.714628297362111e-05
16784	7	6.714628297362111e-05
7723	7	6.714628297362111e-05
18647	7	6.714628297362111e-05
3917	7	6.714628297362111e-05
8180	7	6.714628297362111e-05
24075	7	6.714628297362111e-05
25558	7	6.714628297362111e-05
13494	7	6.714628297362111e-05
7199	7	6.714628297362111e-05
95	7	6.714628297362111e-05
7897	7	6.714628297362111e-05
599	7	6.714628297362111e-05
12042	7	6.714628297362111e-05
9855	7	6.714628297362111e-05
6679	7	6.714628297362111e-05
27189	7	6.714628297362111e-05
20141	7	6.714628297362111e-05
24025	7	6.714628297362111e-05
7978	7	6.714628297362111e-05
12050	7	6.714628297362111e-05
900	7	6.714628297362111e-05
11810	7	6.714628297362111e-05
9412	7	6.714628297362111e-05
1512	7	6.714628297362111e-05
17577	7	6.714628297362111e-05
969	7	6.714628297362111e-05
21788	7	6.714628297362111e-05
20731	7	6.714628297362111e-05
11869	7	6.714628297362111e-05
16612	7	6.714628297362111e-05
2643	7	6.714628297362111e-05
12300	7	6.714628297362111e-05
10798	7	6.714628297362111e-05
22381	6	5.755395683453237e-05
13077	6	5.755395683453237e-05
4690	6	5.755395683453237e-05
23057	6	5.755395683453237e-05
19212	6	5.755395683453237e-05
22548	6	5.755395683453237e-05
4510	6	5.755395683453237e-05
322	6	5.755395683453237e-05
14649	6	5.755395683453237e-05
10362	6	5.755395683453237e-05
766	6	5.755395683453237e-05
14877	6	5.755395683453237e-05
3670	6	5.755395683453237e-05
10046	6	5.755395683453237e-05
10454	6	5.755395683453237e-05
1442	6	5.755395683453237e-05
7249	6	5.755395683453237e-05
12447	6	5.755395683453237e-05
11745	6	5.755395683453237e-05
25974	6	5.755395683453237e-05
392	6	5.755395683453237e-05
321	6	5.755395683453237e-05
16833	6	5.755395683453237e-05
4911	6	5.755395683453237e-05
23924	6	5.755395683453237e-05
3575	6	5.755395683453237e-05
19615	6	5.755395683453237e-05
18249	6	5.755395683453237e-05
29470	6	5.755395683453237e-05
18522	6	5.755395683453237e-05
3318	6	5.755395683453237e-05
2259	6	5.755395683453237e-05
3098	6	5.755395683453237e-05
26187	6	5.755395683453237e-05
3965	6	5.755395683453237e-05
26730	6	5.755395683453237e-05
9309	6	5.755395683453237e-05
437	6	5.755395683453237e-05
3739	6	5.755395683453237e-05
28441	6	5.755395683453237e-05
5309	6	5.755395683453237e-05
12723	6	5.755395683453237e-05
5459	6	5.755395683453237e-05
3581	6	5.755395683453237e-05
21707	6	5.755395683453237e-05
6499	6	5.755395683453237e-05
23176	6	5.755395683453237e-05
13525	6	5.755395683453237e-05
16209	6	5.755395683453237e-05
8072	6	5.755395683453237e-05
2213	6	5.755395683453237e-05
1437	6	5.755395683453237e-05
7878	6	5.755395683453237e-05
1205	5	4.796163069544364e-05
23092	5	4.796163069544364e-05
4400	5	4.796163069544364e-05
14983	5	4.796163069544364e-05
11557	5	4.796163069544364e-05
17604	5	4.796163069544364e-05
10423	5	4.796163069544364e-05
24548	5	4.796163069544364e-05
17727	5	4.796163069544364e-05
11814	5	4.796163069544364e-05
19009	5	4.796163069544364e-05
21591	5	4.796163069544364e-05
4474	5	4.796163069544364e-05
2365	5	4.796163069544364e-05
5028	5	4.796163069544364e-05
456	5	4.796163069544364e-05
24438	5	4.796163069544364e-05
29530	5	4.796163069544364e-05
11973	5	4.796163069544364e-05
13115	5	4.796163069544364e-05
5878	5	4.796163069544364e-05
10345	5	4.796163069544364e-05
14982	5	4.796163069544364e-05
8020	5	4.796163069544364e-05
14299	5	4.796163069544364e-05
2726	5	4.796163069544364e-05
4212	5	4.796163069544364e-05
18480	5	4.796163069544364e-05
25010	5	4.796163069544364e-05
2471	5	4.796163069544364e-05
2542	5	4.796163069544364e-05
23332	5	4.796163069544364e-05
12066	5	4.796163069544364e-05
9213	5	4.796163069544364e-05
21791	5	4.796163069544364e-05
4130	5	4.796163069544364e-05
11140	5	4.796163069544364e-05
28289	5	4.796163069544364e-05
8110	5	4.796163069544364e-05
1130	5	4.796163069544364e-05
2705	5	4.796163069544364e-05
5753	5	4.796163069544364e-05
29897	5	4.796163069544364e-05
14996	5	4.796163069544364e-05
11220	5	4.796163069544364e-05
5298	5	4.796163069544364e-05
1426	5	4.796163069544364e-05
25701	5	4.796163069544364e-05
22920	5	4.796163069544364e-05
2652	5	4.796163069544364e-05
10208	5	4.796163069544364e-05
18203	5	4.796163069544364e-05
6787	5	4.796163069544364e-05
22695	5	4.796163069544364e-05
240	5	4.796163069544364e-05
5521	5	4.796163069544364e-05
27478	5	4.796163069544364e-05
19878	5	4.796163069544364e-05
9023	5	4.796163069544364e-05
1997	5	4.796163069544364e-05
28568	5	4.796163069544364e-05
6154	4	3.836930455635492e-05
6611	4	3.836930455635492e-05
28540	4	3.836930455635492e-05
4206	4	3.836930455635492e-05
5153	4	3.836930455635492e-05
2960	4	3.836930455635492e-05
3647	4	3.836930455635492e-05
3990	4	3.836930455635492e-05
4573	4	3.836930455635492e-05
19272	4	3.836930455635492e-05
2868	4	3.836930455635492e-05
6128	4	3.836930455635492e-05
22704	4	3.836930455635492e-05
21750	4	3.836930455635492e-05
17220	4	3.836930455635492e-05
13931	4	3.836930455635492e-05
20127	4	3.836930455635492e-05
27653	4	3.836930455635492e-05
4203	4	3.836930455635492e-05
24747	4	3.836930455635492e-05
5276	4	3.836930455635492e-05
5145	4	3.836930455635492e-05
19301	4	3.836930455635492e-05
24012	4	3.836930455635492e-05
23156	4	3.836930455635492e-05
29300	4	3.836930455635492e-05
5140	4	3.836930455635492e-05
4452	4	3.836930455635492e-05
17851	4	3.836930455635492e-05
17227	4	3.836930455635492e-05
22349	4	3.836930455635492e-05
7968	4	3.836930455635492e-05
29551	4	3.836930455635492e-05
26191	4	3.836930455635492e-05
6794	4	3.836930455635492e-05
12675	4	3.836930455635492e-05
8561	4	3.836930455635492e-05
28479	4	3.836930455635492e-05
27636	4	3.836930455635492e-05
18510	4	3.836930455635492e-05
30047	4	3.836930455635492e-05
12243	4	3.836930455635492e-05
30378	4	3.836930455635492e-05
9641	4	3.836930455635492e-05
16849	4	3.836930455635492e-05
14973	4	3.836930455635492e-05
641	4	3.836930455635492e-05
3631	4	3.836930455635492e-05
295	4	3.836930455635492e-05
6598	4	3.836930455635492e-05
10124	4	3.836930455635492e-05
2702	4	3.836930455635492e-05
3819	4	3.836930455635492e-05
5212	4	3.836930455635492e-05
16581	4	3.836930455635492e-05
20929	4	3.836930455635492e-05
10268	4	3.836930455635492e-05
16754	4	3.836930455635492e-05
20923	4	3.836930455635492e-05
6792	4	3.836930455635492e-05
22473	4	3.836930455635492e-05
5010	4	3.836930455635492e-05
6277	4	3.836930455635492e-05
12173	4	3.836930455635492e-05
19436	4	3.836930455635492e-05
2632	4	3.836930455635492e-05
24203	4	3.836930455635492e-05
7281	4	3.836930455635492e-05
8061	4	3.836930455635492e-05
2948	4	3.836930455635492e-05
27488	4	3.836930455635492e-05
19509	4	3.836930455635492e-05
10544	4	3.836930455635492e-05
2044	4	3.836930455635492e-05
29708	4	3.836930455635492e-05
17119	4	3.836930455635492e-05
3474	4	3.836930455635492e-05
8548	4	3.836930455635492e-05
7919	4	3.836930455635492e-05
5458	4	3.836930455635492e-05
8074	4	3.836930455635492e-05
13521	4	3.836930455635492e-05
10180	4	3.836930455635492e-05
5358	4	3.836930455635492e-05
2664	4	3.836930455635492e-05
10820	4	3.836930455635492e-05
4514	4	3.836930455635492e-05
3259	4	3.836930455635492e-05
9066	4	3.836930455635492e-05
6088	4	3.836930455635492e-05
21824	4	3.836930455635492e-05
18137	4	3.836930455635492e-05
15221	4	3.836930455635492e-05
23320	4	3.836930455635492e-05
2505	4	3.836930455635492e-05
5609	4	3.836930455635492e-05
23413	4	3.836930455635492e-05
13640	4	3.836930455635492e-05
1523	4	3.836930455635492e-05
23676	4	3.836930455635492e-05
24017	4	3.836930455635492e-05
1876	4	3.836930455635492e-05
11303	4	3.836930455635492e-05
22183	4	3.836930455635492e-05
973	4	3.836930455635492e-05
2867	4	3.836930455635492e-05
9403	4	3.836930455635492e-05
17144	4	3.836930455635492e-05
15682	4	3.836930455635492e-05
3567	4	3.836930455635492e-05
10563	4	3.836930455635492e-05
22501	3	2.8776978417266186e-05
508	3	2.8776978417266186e-05
11079	3	2.8776978417266186e-05
1351	3	2.8776978417266186e-05
18963	3	2.8776978417266186e-05
11070	3	2.8776978417266186e-05
221	3	2.8776978417266186e-05
9847	3	2.8776978417266186e-05
1591	3	2.8776978417266186e-05
22938	3	2.8776978417266186e-05
27431	3	2.8776978417266186e-05
8469	3	2.8776978417266186e-05
5983	3	2.8776978417266186e-05
3747	3	2.8776978417266186e-05
14025	3	2.8776978417266186e-05
13191	3	2.8776978417266186e-05
4996	3	2.8776978417266186e-05
17613	3	2.8776978417266186e-05
17716	3	2.8776978417266186e-05
11902	3	2.8776978417266186e-05
26953	3	2.8776978417266186e-05
9361	3	2.8776978417266186e-05
1986	3	2.8776978417266186e-05
10675	3	2.8776978417266186e-05
3573	3	2.8776978417266186e-05
7465	3	2.8776978417266186e-05
23893	3	2.8776978417266186e-05
20764	3	2.8776978417266186e-05
5617	3	2.8776978417266186e-05
18838	3	2.8776978417266186e-05
22515	3	2.8776978417266186e-05
13348	3	2.8776978417266186e-05
2049	3	2.8776978417266186e-05
11274	3	2.8776978417266186e-05
1237	3	2.8776978417266186e-05
12098	3	2.8776978417266186e-05
209	3	2.8776978417266186e-05
2821	3	2.8776978417266186e-05
8493	3	2.8776978417266186e-05
12652	3	2.8776978417266186e-05
20143	3	2.8776978417266186e-05
2407	3	2.8776978417266186e-05
16624	3	2.8776978417266186e-05
15264	3	2.8776978417266186e-05
21480	3	2.8776978417266186e-05
3735	3	2.8776978417266186e-05
2316	3	2.8776978417266186e-05
29741	3	2.8776978417266186e-05
22762	3	2.8776978417266186e-05
17469	3	2.8776978417266186e-05
26394	3	2.8776978417266186e-05
5702	3	2.8776978417266186e-05
25208	3	2.8776978417266186e-05
17222	3	2.8776978417266186e-05
5774	3	2.8776978417266186e-05
12655	3	2.8776978417266186e-05
16419	3	2.8776978417266186e-05
27088	3	2.8776978417266186e-05
9685	3	2.8776978417266186e-05
10554	3	2.8776978417266186e-05
29577	3	2.8776978417266186e-05
27108	3	2.8776978417266186e-05
9484	3	2.8776978417266186e-05
4075	3	2.8776978417266186e-05
3008	3	2.8776978417266186e-05
21528	3	2.8776978417266186e-05
6126	3	2.8776978417266186e-05
7767	3	2.8776978417266186e-05
26302	3	2.8776978417266186e-05
26384	3	2.8776978417266186e-05
5370	3	2.8776978417266186e-05
3063	3	2.8776978417266186e-05
14775	3	2.8776978417266186e-05
16007	3	2.8776978417266186e-05
13566	3	2.8776978417266186e-05
7774	3	2.8776978417266186e-05
654	3	2.8776978417266186e-05
11138	3	2.8776978417266186e-05
7262	3	2.8776978417266186e-05
12927	3	2.8776978417266186e-05
15167	3	2.8776978417266186e-05
16398	3	2.8776978417266186e-05
1920	3	2.8776978417266186e-05
21728	3	2.8776978417266186e-05
1822	3	2.8776978417266186e-05
23963	3	2.8776978417266186e-05
406	3	2.8776978417266186e-05
5151	3	2.8776978417266186e-05
18363	3	2.8776978417266186e-05
11979	3	2.8776978417266186e-05
3396	3	2.8776978417266186e-05
19024	3	2.8776978417266186e-05
2001	3	2.8776978417266186e-05
715	3	2.8776978417266186e-05
19236	3	2.8776978417266186e-05
8261	3	2.8776978417266186e-05
191	3	2.8776978417266186e-05
18908	3	2.8776978417266186e-05
18289	3	2.8776978417266186e-05
13322	3	2.8776978417266186e-05
8857	3	2.8776978417266186e-05
9540	3	2.8776978417266186e-05
26979	3	2.8776978417266186e-05
5438	3	2.8776978417266186e-05
92	3	2.8776978417266186e-05
7466	3	2.8776978417266186e-05
8979	3	2.8776978417266186e-05
21396	3	2.8776978417266186e-05
4888	3	2.8776978417266186e-05
5834	3	2.8776978417266186e-05
20793	3	2.8776978417266186e-05
6897	3	2.8776978417266186e-05
22432	3	2.8776978417266186e-05
1748	3	2.8776978417266186e-05
20981	3	2.8776978417266186e-05
26852	3	2.8776978417266186e-05
5733	3	2.8776978417266186e-05
7694	3	2.8776978417266186e-05
19644	3	2.8776978417266186e-05
21063	3	2.8776978417266186e-05
13463	3	2.8776978417266186e-05
8908	3	2.8776978417266186e-05
29810	3	2.8776978417266186e-05
2182	3	2.8776978417266186e-05
2440	3	2.8776978417266186e-05
285	3	2.8776978417266186e-05
5456	3	2.8776978417266186e-05
4084	3	2.8776978417266186e-05
14326	3	2.8776978417266186e-05
3494	3	2.8776978417266186e-05
15227	3	2.8776978417266186e-05
2338	3	2.8776978417266186e-05
5289	3	2.8776978417266186e-05
26724	3	2.8776978417266186e-05
7272	3	2.8776978417266186e-05
13564	3	2.8776978417266186e-05
29414	3	2.8776978417266186e-05
18792	3	2.8776978417266186e-05
29142	2	1.918465227817746e-05
10412	2	1.918465227817746e-05
2745	2	1.918465227817746e-05
25230	2	1.918465227817746e-05
24190	2	1.918465227817746e-05
3916	2	1.918465227817746e-05
5793	2	1.918465227817746e-05
30184	2	1.918465227817746e-05
23633	2	1.918465227817746e-05
26774	2	1.918465227817746e-05
27820	2	1.918465227817746e-05
12659	2	1.918465227817746e-05
30674	2	1.918465227817746e-05
2650	2	1.918465227817746e-05
11712	2	1.918465227817746e-05
27405	2	1.918465227817746e-05
3700	2	1.918465227817746e-05
1906	2	1.918465227817746e-05
3393	2	1.918465227817746e-05
3958	2	1.918465227817746e-05
9409	2	1.918465227817746e-05
4416	2	1.918465227817746e-05
10001	2	1.918465227817746e-05
24448	2	1.918465227817746e-05
22878	2	1.918465227817746e-05
26723	2	1.918465227817746e-05
7571	2	1.918465227817746e-05
4700	2	1.918465227817746e-05
12303	2	1.918465227817746e-05
2391	2	1.918465227817746e-05
24782	2	1.918465227817746e-05
9120	2	1.918465227817746e-05
19660	2	1.918465227817746e-05
27485	2	1.918465227817746e-05
1768	2	1.918465227817746e-05
12554	2	1.918465227817746e-05
18820	2	1.918465227817746e-05
2070	2	1.918465227817746e-05
22269	2	1.918465227817746e-05
1645	2	1.918465227817746e-05
13413	2	1.918465227817746e-05
15824	2	1.918465227817746e-05
5747	2	1.918465227817746e-05
875	2	1.918465227817746e-05
11755	2	1.918465227817746e-05
23781	2	1.918465227817746e-05
3830	2	1.918465227817746e-05
25851	2	1.918465227817746e-05
1751	2	1.918465227817746e-05
5641	2	1.918465227817746e-05
405	2	1.918465227817746e-05
1829	2	1.918465227817746e-05
346	2	1.918465227817746e-05
8488	2	1.918465227817746e-05
23714	2	1.918465227817746e-05
2107	2	1.918465227817746e-05
10203	2	1.918465227817746e-05
1687	2	1.918465227817746e-05
6087	2	1.918465227817746e-05
2006	2	1.918465227817746e-05
205	2	1.918465227817746e-05
18829	2	1.918465227817746e-05
4013	2	1.918465227817746e-05
28880	2	1.918465227817746e-05
5666	2	1.918465227817746e-05
28200	2	1.918465227817746e-05
19410	2	1.918465227817746e-05
4045	2	1.918465227817746e-05
6654	2	1.918465227817746e-05
26493	2	1.918465227817746e-05
2826	2	1.918465227817746e-05
30362	2	1.918465227817746e-05
18467	2	1.918465227817746e-05
25662	2	1.918465227817746e-05
1052	2	1.918465227817746e-05
22315	2	1.918465227817746e-05
28596	2	1.918465227817746e-05
5124	2	1.918465227817746e-05
10025	2	1.918465227817746e-05
15536	2	1.918465227817746e-05
5079	2	1.918465227817746e-05
16445	2	1.918465227817746e-05
4505	2	1.918465227817746e-05
8654	2	1.918465227817746e-05
29881	2	1.918465227817746e-05
24567	2	1.918465227817746e-05
10298	2	1.918465227817746e-05
16440	2	1.918465227817746e-05
2722	2	1.918465227817746e-05
28494	2	1.918465227817746e-05
3307	2	1.918465227817746e-05
1592	2	1.918465227817746e-05
5036	2	1.918465227817746e-05
1424	2	1.918465227817746e-05
27513	2	1.918465227817746e-05
10264	2	1.918465227817746e-05
328	2	1.918465227817746e-05
18017	2	1.918465227817746e-05
39	2	1.918465227817746e-05
25495	2	1.918465227817746e-05
26006	2	1.918465227817746e-05
16856	2	1.918465227817746e-05
20633	2	1.918465227817746e-05
4612	2	1.918465227817746e-05
21656	2	1.918465227817746e-05
30684	2	1.918465227817746e-05
10277	2	1.918465227817746e-05
7662	2	1.918465227817746e-05
611	2	1.918465227817746e-05
7490	2	1.918465227817746e-05
8351	2	1.918465227817746e-05
29248	2	1.918465227817746e-05
15270	2	1.918465227817746e-05
17325	2	1.918465227817746e-05
1047	2	1.918465227817746e-05
5530	2	1.918465227817746e-05
5815	2	1.918465227817746e-05
446	2	1.918465227817746e-05
2405	2	1.918465227817746e-05
634	2	1.918465227817746e-05
315	2	1.918465227817746e-05
2178	2	1.918465227817746e-05
12198	2	1.918465227817746e-05
739	2	1.918465227817746e-05
13930	2	1.918465227817746e-05
1739	2	1.918465227817746e-05
317	2	1.918465227817746e-05
10523	2	1.918465227817746e-05
9896	2	1.918465227817746e-05
4654	2	1.918465227817746e-05
27904	2	1.918465227817746e-05
13473	2	1.918465227817746e-05
9058	2	1.918465227817746e-05
26326	2	1.918465227817746e-05
6501	2	1.918465227817746e-05
23236	2	1.918465227817746e-05
8133	2	1.918465227817746e-05
29360	2	1.918465227817746e-05
4862	2	1.918465227817746e-05
21387	2	1.918465227817746e-05
5561	2	1.918465227817746e-05
4845	2	1.918465227817746e-05
13730	2	1.918465227817746e-05
7040	2	1.918465227817746e-05
23449	2	1.918465227817746e-05
25762	2	1.918465227817746e-05
14239	2	1.918465227817746e-05
15898	2	1.918465227817746e-05
10782	2	1.918465227817746e-05
19477	2	1.918465227817746e-05
4883	2	1.918465227817746e-05
5905	2	1.918465227817746e-05
4442	2	1.918465227817746e-05
4259	2	1.918465227817746e-05
2283	2	1.918465227817746e-05
20972	2	1.918465227817746e-05
22134	2	1.918465227817746e-05
15662	2	1.918465227817746e-05
29528	2	1.918465227817746e-05
12576	2	1.918465227817746e-05
25926	2	1.918465227817746e-05
7478	2	1.918465227817746e-05
5844	2	1.918465227817746e-05
22890	2	1.918465227817746e-05
16661	2	1.918465227817746e-05
272	2	1.918465227817746e-05
15841	2	1.918465227817746e-05
19044	2	1.918465227817746e-05
10242	2	1.918465227817746e-05
518	2	1.918465227817746e-05
8019	2	1.918465227817746e-05
24813	2	1.918465227817746e-05
11110	2	1.918465227817746e-05
1882	2	1.918465227817746e-05
20907	2	1.918465227817746e-05
9486	2	1.918465227817746e-05
4180	2	1.918465227817746e-05
3948	2	1.918465227817746e-05
14830	2	1.918465227817746e-05
11163	2	1.918465227817746e-05
8923	2	1.918465227817746e-05
1488	2	1.918465227817746e-05
10096	2	1.918465227817746e-05
3886	2	1.918465227817746e-05
1519	2	1.918465227817746e-05
11605	2	1.918465227817746e-05
11851	2	1.918465227817746e-05
28408	2	1.918465227817746e-05
6306	2	1.918465227817746e-05
25747	2	1.918465227817746e-05
21322	2	1.918465227817746e-05
4576	2	1.918465227817746e-05
5817	2	1.918465227817746e-05
10777	2	1.918465227817746e-05
6407	2	1.918465227817746e-05
29700	2	1.918465227817746e-05
4027	2	1.918465227817746e-05
30331	2	1.918465227817746e-05
29442	2	1.918465227817746e-05
6932	2	1.918465227817746e-05
7060	2	1.918465227817746e-05
19201	2	1.918465227817746e-05
23765	2	1.918465227817746e-05
29648	2	1.918465227817746e-05
10314	2	1.918465227817746e-05
15311	2	1.918465227817746e-05
20809	2	1.918465227817746e-05
22385	2	1.918465227817746e-05
28933	2	1.918465227817746e-05
10908	2	1.918465227817746e-05
18222	2	1.918465227817746e-05
14264	2	1.918465227817746e-05
26205	2	1.918465227817746e-05
1869	2	1.918465227817746e-05
3473	2	1.918465227817746e-05
11018	2	1.918465227817746e-05
28847	2	1.918465227817746e-05
4940	2	1.918465227817746e-05
10379	2	1.918465227817746e-05
25707	2	1.918465227817746e-05
29178	2	1.918465227817746e-05
29905	2	1.918465227817746e-05
23106	2	1.918465227817746e-05
9728	2	1.918465227817746e-05
29059	2	1.918465227817746e-05
4903	2	1.918465227817746e-05
7975	2	1.918465227817746e-05
11246	2	1.918465227817746e-05
309	2	1.918465227817746e-05
2114	1	9.59232613908873e-06
22526	1	9.59232613908873e-06
12787	1	9.59232613908873e-06
14981	1	9.59232613908873e-06
10329	1	9.59232613908873e-06
5410	1	9.59232613908873e-06
12434	1	9.59232613908873e-06
3911	1	9.59232613908873e-06
15471	1	9.59232613908873e-06
19858	1	9.59232613908873e-06
18076	1	9.59232613908873e-06
8812	1	9.59232613908873e-06
15241	1	9.59232613908873e-06
19642	1	9.59232613908873e-06
1396	1	9.59232613908873e-06
1818	1	9.59232613908873e-06
17233	1	9.59232613908873e-06
10629	1	9.59232613908873e-06
6353	1	9.59232613908873e-06
19569	1	9.59232613908873e-06
19296	1	9.59232613908873e-06
10610	1	9.59232613908873e-06
10270	1	9.59232613908873e-06
8613	1	9.59232613908873e-06
5998	1	9.59232613908873e-06
8726	1	9.59232613908873e-06
24944	1	9.59232613908873e-06
18567	1	9.59232613908873e-06
7832	1	9.59232613908873e-06
26013	1	9.59232613908873e-06
3571	1	9.59232613908873e-06
13490	1	9.59232613908873e-06
6626	1	9.59232613908873e-06
11107	1	9.59232613908873e-06
16714	1	9.59232613908873e-06
22643	1	9.59232613908873e-06
18827	1	9.59232613908873e-06
6266	1	9.59232613908873e-06
1160	1	9.59232613908873e-06
22109	1	9.59232613908873e-06
24717	1	9.59232613908873e-06
9726	1	9.59232613908873e-06
4329	1	9.59232613908873e-06
14149	1	9.59232613908873e-06
26799	1	9.59232613908873e-06
5506	1	9.59232613908873e-06
27655	1	9.59232613908873e-06
14490	1	9.59232613908873e-06
26060	1	9.59232613908873e-06
25364	1	9.59232613908873e-06
863	1	9.59232613908873e-06
3033	1	9.59232613908873e-06
27440	1	9.59232613908873e-06
1817	1	9.59232613908873e-06
20464	1	9.59232613908873e-06
10689	1	9.59232613908873e-06
3446	1	9.59232613908873e-06
15750	1	9.59232613908873e-06
1978	1	9.59232613908873e-06
1673	1	9.59232613908873e-06
7906	1	9.59232613908873e-06
19686	1	9.59232613908873e-06
17895	1	9.59232613908873e-06
29202	1	9.59232613908873e-06
29332	1	9.59232613908873e-06
4954	1	9.59232613908873e-06
12894	1	9.59232613908873e-06
4720	1	9.59232613908873e-06
3900	1	9.59232613908873e-06
8453	1	9.59232613908873e-06
12483	1	9.59232613908873e-06
1886	1	9.59232613908873e-06
19228	1	9.59232613908873e-06
5690	1	9.59232613908873e-06
23287	1	9.59232613908873e-06
541	1	9.59232613908873e-06
10712	1	9.59232613908873e-06
23984	1	9.59232613908873e-06
3689	1	9.59232613908873e-06
4145	1	9.59232613908873e-06
9052	1	9.59232613908873e-06
15744	1	9.59232613908873e-06
9378	1	9.59232613908873e-06
2073	1	9.59232613908873e-06
10917	1	9.59232613908873e-06
23172	1	9.59232613908873e-06
1369	1	9.59232613908873e-06
4338	1	9.59232613908873e-06
19329	1	9.59232613908873e-06
26548	1	9.59232613908873e-06
4465	1	9.59232613908873e-06
13783	1	9.59232613908873e-06
7939	1	9.59232613908873e-06
5157	1	9.59232613908873e-06
6112	1	9.59232613908873e-06
4915	1	9.59232613908873e-06
921	1	9.59232613908873e-06
9853	1	9.59232613908873e-06
11383	1	9.59232613908873e-06
8149	1	9.59232613908873e-06
6181	1	9.59232613908873e-06
13519	1	9.59232613908873e-06
7790	1	9.59232613908873e-06
28716	1	9.59232613908873e-06
15775	1	9.59232613908873e-06
19445	1	9.59232613908873e-06
3142	1	9.59232613908873e-06
2940	1	9.59232613908873e-06
15603	1	9.59232613908873e-06
6425	1	9.59232613908873e-06
13775	1	9.59232613908873e-06
29489	1	9.59232613908873e-06
13254	1	9.59232613908873e-06
17918	1	9.59232613908873e-06
537	1	9.59232613908873e-06
18804	1	9.59232613908873e-06
1144	1	9.59232613908873e-06
23383	1	9.59232613908873e-06
26847	1	9.59232613908873e-06
716	1	9.59232613908873e-06
15293	1	9.59232613908873e-06
3244	1	9.59232613908873e-06
18892	1	9.59232613908873e-06
18859	1	9.59232613908873e-06
2294	1	9.59232613908873e-06
3868	1	9.59232613908873e-06
5394	1	9.59232613908873e-06
14536	1	9.59232613908873e-06
12767	1	9.59232613908873e-06
15974	1	9.59232613908873e-06
5041	1	9.59232613908873e-06
8614	1	9.59232613908873e-06
5287	1	9.59232613908873e-06
120	1	9.59232613908873e-06
2397	1	9.59232613908873e-06
5248	1	9.59232613908873e-06
16828	1	9.59232613908873e-06
22053	1	9.59232613908873e-06
22390	1	9.59232613908873e-06
16728	1	9.59232613908873e-06
3359	1	9.59232613908873e-06
3931	1	9.59232613908873e-06
3684	1	9.59232613908873e-06
1508	1	9.59232613908873e-06
11104	1	9.59232613908873e-06
16516	1	9.59232613908873e-06
3639	1	9.59232613908873e-06
24809	1	9.59232613908873e-06
15450	1	9.59232613908873e-06
17634	1	9.59232613908873e-06
2493	1	9.59232613908873e-06
14348	1	9.59232613908873e-06
8559	1	9.59232613908873e-06
2572	1	9.59232613908873e-06
3534	1	9.59232613908873e-06
253	1	9.59232613908873e-06
30340	1	9.59232613908873e-06
986	1	9.59232613908873e-06
23750	1	9.59232613908873e-06
16429	1	9.59232613908873e-06
687	1	9.59232613908873e-06
660	1	9.59232613908873e-06
14640	1	9.59232613908873e-06
28689	1	9.59232613908873e-06
13446	1	9.59232613908873e-06
690	1	9.59232613908873e-06
15539	1	9.59232613908873e-06
9085	1	9.59232613908873e-06
3707	1	9.59232613908873e-06
15004	1	9.59232613908873e-06
14257	1	9.59232613908873e-06
1776	1	9.59232613908873e-06
5728	1	9.59232613908873e-06
9659	1	9.59232613908873e-06
19689	1	9.59232613908873e-06
2122	1	9.59232613908873e-06
6293	1	9.59232613908873e-06
14984	1	9.59232613908873e-06
14936	1	9.59232613908873e-06
3035	1	9.59232613908873e-06
2492	1	9.59232613908873e-06
11731	1	9.59232613908873e-06
2979	1	9.59232613908873e-06
27517	1	9.59232613908873e-06
14352	1	9.59232613908873e-06
11013	1	9.59232613908873e-06
5849	1	9.59232613908873e-06
18501	1	9.59232613908873e-06
4473	1	9.59232613908873e-06
17364	1	9.59232613908873e-06
2011	1	9.59232613908873e-06
10927	1	9.59232613908873e-06
8576	1	9.59232613908873e-06
2427	1	9.59232613908873e-06
15432	1	9.59232613908873e-06
12443	1	9.59232613908873e-06
9766	1	9.59232613908873e-06
20686	1	9.59232613908873e-06
182	1	9.59232613908873e-06
12727	1	9.59232613908873e-06
26472	1	9.59232613908873e-06
4479	1	9.59232613908873e-06
5893	1	9.59232613908873e-06
14030	1	9.59232613908873e-06
16225	1	9.59232613908873e-06
10068	1	9.59232613908873e-06
21822	1	9.59232613908873e-06
4168	1	9.59232613908873e-06
5226	1	9.59232613908873e-06
5842	1	9.59232613908873e-06
12739	1	9.59232613908873e-06
29966	1	9.59232613908873e-06
21107	1	9.59232613908873e-06
18575	1	9.59232613908873e-06
12385	1	9.59232613908873e-06
12885	1	9.59232613908873e-06
8069	1	9.59232613908873e-06
14400	1	9.59232613908873e-06
1885	1	9.59232613908873e-06
12651	1	9.59232613908873e-06
476	1	9.59232613908873e-06
21840	1	9.59232613908873e-06
268	1	9.59232613908873e-06
22728	1	9.59232613908873e-06
2374	1	9.59232613908873e-06
4353	1	9.59232613908873e-06
3173	1	9.59232613908873e-06
2406	1	9.59232613908873e-06
10961	1	9.59232613908873e-06
22380	1	9.59232613908873e-06
30279	1	9.59232613908873e-06
312	1	9.59232613908873e-06
21967	1	9.59232613908873e-06
4223	1	9.59232613908873e-06
15772	1	9.59232613908873e-06
28526	1	9.59232613908873e-06
6079	1	9.59232613908873e-06
25153	1	9.59232613908873e-06
11284	1	9.59232613908873e-06
15273	1	9.59232613908873e-06
4981	1	9.59232613908873e-06
3251	1	9.59232613908873e-06
5676	1	9.59232613908873e-06
1407	1	9.59232613908873e-06
17512	1	9.59232613908873e-06
22236	1	9.59232613908873e-06
10404	1	9.59232613908873e-06
8163	1	9.59232613908873e-06
420	1	9.59232613908873e-06
7417	1	9.59232613908873e-06
18060	1	9.59232613908873e-06
9573	1	9.59232613908873e-06
14346	1	9.59232613908873e-06
10724	1	9.59232613908873e-06
12039	1	9.59232613908873e-06
20155	1	9.59232613908873e-06
25070	1	9.59232613908873e-06
13547	1	9.59232613908873e-06
529	1	9.59232613908873e-06
9037	1	9.59232613908873e-06
3448	1	9.59232613908873e-06
6757	1	9.59232613908873e-06
11318	1	9.59232613908873e-06
26534	1	9.59232613908873e-06
11764	1	9.59232613908873e-06
29759	1	9.59232613908873e-06
9083	1	9.59232613908873e-06
13585	1	9.59232613908873e-06
16122	1	9.59232613908873e-06
1131	1	9.59232613908873e-06
5203	1	9.59232613908873e-06
12399	1	9.59232613908873e-06
10480	1	9.59232613908873e-06
24070	1	9.59232613908873e-06
1022	1	9.59232613908873e-06
16148	1	9.59232613908873e-06
15698	1	9.59232613908873e-06
505	1	9.59232613908873e-06
720	1	9.59232613908873e-06
28818	1	9.59232613908873e-06
23983	1	9.59232613908873e-06
19164	1	9.59232613908873e-06
6994	1	9.59232613908873e-06
259	1	9.59232613908873e-06
929	1	9.59232613908873e-06
28381	1	9.59232613908873e-06
26418	1	9.59232613908873e-06
16486	1	9.59232613908873e-06
12138	1	9.59232613908873e-06
17442	1	9.59232613908873e-06
10253	1	9.59232613908873e-06
10420	1	9.59232613908873e-06
7917	1	9.59232613908873e-06
3057	1	9.59232613908873e-06
9920	1	9.59232613908873e-06
15290	1	9.59232613908873e-06
30188	1	9.59232613908873e-06
6151	1	9.59232613908873e-06
9900	1	9.59232613908873e-06
29064	1	9.59232613908873e-06
18671	1	9.59232613908873e-06
21484	1	9.59232613908873e-06
6083	1	9.59232613908873e-06
2381	1	9.59232613908873e-06
9937	1	9.59232613908873e-06
12234	1	9.59232613908873e-06
3508	1	9.59232613908873e-06
15292	1	9.59232613908873e-06
17654	1	9.59232613908873e-06
30235	1	9.59232613908873e-06
18031	1	9.59232613908873e-06
12210	1	9.59232613908873e-06
22925	1	9.59232613908873e-06
28092	1	9.59232613908873e-06
11325	1	9.59232613908873e-06
18517	1	9.59232613908873e-06
1353	1	9.59232613908873e-06
1671	1	9.59232613908873e-06
14449	1	9.59232613908873e-06
27661	1	9.59232613908873e-06
14260	1	9.59232613908873e-06
2645	1	9.59232613908873e-06
25360	1	9.59232613908873e-06
6023	1	9.59232613908873e-06
13161	1	9.59232613908873e-06
4128	1	9.59232613908873e-06
2734	1	9.59232613908873e-06
23606	1	9.59232613908873e-06
7725	1	9.59232613908873e-06
1183	1	9.59232613908873e-06
16749	1	9.59232613908873e-06
663	1	9.59232613908873e-06
2164	1	9.59232613908873e-06
12118	1	9.59232613908873e-06
25126	1	9.59232613908873e-06
10011	1	9.59232613908873e-06
7038	1	9.59232613908873e-06
15563	1	9.59232613908873e-06
20076	1	9.59232613908873e-06
20121	1	9.59232613908873e-06
16077	1	9.59232613908873e-06
15122	1	9.59232613908873e-06
803	1	9.59232613908873e-06
6970	1	9.59232613908873e-06
1599	1	9.59232613908873e-06
2243	1	9.59232613908873e-06
20207	1	9.59232613908873e-06
3909	1	9.59232613908873e-06
2686	1	9.59232613908873e-06
2584	1	9.59232613908873e-06
4507	1	9.59232613908873e-06
14375	1	9.59232613908873e-06
23040	1	9.59232613908873e-06
2754	1	9.59232613908873e-06
382	1	9.59232613908873e-06
3787	1	9.59232613908873e-06
15269	1	9.59232613908873e-06
16384	1	9.59232613908873e-06
16531	1	9.59232613908873e-06
8199	1	9.59232613908873e-06
28194	1	9.59232613908873e-06
2084	1	9.59232613908873e-06
12470	1	9.59232613908873e-06
9503	1	9.59232613908873e-06
12354	1	9.59232613908873e-06
4848	1	9.59232613908873e-06
1795	1	9.59232613908873e-06
2170	1	9.59232613908873e-06
4728	1	9.59232613908873e-06
21102	1	9.59232613908873e-06
2079	1	9.59232613908873e-06
2278	1	9.59232613908873e-06
15154	1	9.59232613908873e-06
14684	1	9.59232613908873e-06
24656	1	9.59232613908873e-06
7363	1	9.59232613908873e-06
24691	1	9.59232613908873e-06
8566	1	9.59232613908873e-06
15761	1	9.59232613908873e-06
24292	1	9.59232613908873e-06
11202	1	9.59232613908873e-06
12846	1	9.59232613908873e-06
6342	1	9.59232613908873e-06
2937	1	9.59232613908873e-06
26736	1	9.59232613908873e-06
21568	1	9.59232613908873e-06
5316	1	9.59232613908873e-06
14217	1	9.59232613908873e-06
18492	1	9.59232613908873e-06
6029	1	9.59232613908873e-06
8284	1	9.59232613908873e-06
11323	1	9.59232613908873e-06
4894	1	9.59232613908873e-06
28669	1	9.59232613908873e-06
372	1	9.59232613908873e-06
11620	1	9.59232613908873e-06
1361	1	9.59232613908873e-06
3333	1	9.59232613908873e-06
22940	1	9.59232613908873e-06
8475	1	9.59232613908873e-06
1672	1	9.59232613908873e-06
18682	1	9.59232613908873e-06
14542	1	9.59232613908873e-06
24667	1	9.59232613908873e-06
439	1	9.59232613908873e-06
14669	1	9.59232613908873e-06
23906	1	9.59232613908873e-06
3598	1	9.59232613908873e-06
22364	1	9.59232613908873e-06
17488	1	9.59232613908873e-06
20190	1	9.59232613908873e-06
20213	1	9.59232613908873e-06
675	1	9.59232613908873e-06
7188	1	9.59232613908873e-06
7065	1	9.59232613908873e-06
4715	1	9.59232613908873e-06
26793	1	9.59232613908873e-06
6232	1	9.59232613908873e-06
6866	1	9.59232613908873e-06
24131	1	9.59232613908873e-06
17010	1	9.59232613908873e-06
2348	1	9.59232613908873e-06
9575	1	9.59232613908873e-06
15597	1	9.59232613908873e-06
11910	1	9.59232613908873e-06
1596	1	9.59232613908873e-06
26211	1	9.59232613908873e-06
17635	1	9.59232613908873e-06
12932	1	9.59232613908873e-06
2882	1	9.59232613908873e-06
5559	1	9.59232613908873e-06
3172	1	9.59232613908873e-06
9881	1	9.59232613908873e-06
53	1	9.59232613908873e-06
14792	1	9.59232613908873e-06
15391	1	9.59232613908873e-06
23217	1	9.59232613908873e-06
15935	1	9.59232613908873e-06
1173	1	9.59232613908873e-06
15466	1	9.59232613908873e-06
4134	1	9.59232613908873e-06
25057	1	9.59232613908873e-06
13759	1	9.59232613908873e-06
4172	1	9.59232613908873e-06
24116	1	9.59232613908873e-06
3378	1	9.59232613908873e-06
5982	1	9.59232613908873e-06
3104	1	9.59232613908873e-06
8526	1	9.59232613908873e-06
7844	1	9.59232613908873e-06
170	1	9.59232613908873e-06
13672	1	9.59232613908873e-06
13518	1	9.59232613908873e-06
7573	1	9.59232613908873e-06
18981	1	9.59232613908873e-06
13300	1	9.59232613908873e-06
18959	1	9.59232613908873e-06
6460	1	9.59232613908873e-06
17276	1	9.59232613908873e-06
8800	1	9.59232613908873e-06
5388	1	9.59232613908873e-06
6115	1	9.59232613908873e-06
11478	1	9.59232613908873e-06
11454	1	9.59232613908873e-06
2859	1	9.59232613908873e-06
9782	1	9.59232613908873e-06
76	1	9.59232613908873e-06
5141	1	9.59232613908873e-06
431	1	9.59232613908873e-06
3262	1	9.59232613908873e-06
13256	1	9.59232613908873e-06
17970	1	9.59232613908873e-06
24528	1	9.59232613908873e-06
18469	1	9.59232613908873e-06
8021	1	9.59232613908873e-06
2799	1	9.59232613908873e-06
12219	1	9.59232613908873e-06
538	1	9.59232613908873e-06
9674	1	9.59232613908873e-06
22336	1	9.59232613908873e-06
3717	1	9.59232613908873e-06
2265	1	9.59232613908873e-06
9358	1	9.59232613908873e-06
2295	1	9.59232613908873e-06
2592	1	9.59232613908873e-06
27266	1	9.59232613908873e-06
13224	1	9.59232613908873e-06
7782	1	9.59232613908873e-06
13108	1	9.59232613908873e-06
4019	1	9.59232613908873e-06
25372	1	9.59232613908873e-06
9704	1	9.59232613908873e-06
17673	1	9.59232613908873e-06
18867	1	9.59232613908873e-06
841	1	9.59232613908873e-06
14111	1	9.59232613908873e-06
162	1	9.59232613908873e-06
24423	1	9.59232613908873e-06
8153	1	9.59232613908873e-06
2964	1	9.59232613908873e-06
288	1	9.59232613908873e-06
3038	1	9.59232613908873e-06
30667	1	9.59232613908873e-06
12284	1	9.59232613908873e-06
6016	1	9.59232613908873e-06
25647	1	9.59232613908873e-06
19590	1	9.59232613908873e-06
15529	1	9.59232613908873e-06
25877	1	9.59232613908873e-06
19493	1	9.59232613908873e-06
1497	1	9.59232613908873e-06
1065	1	9.59232613908873e-06
23290	1	9.59232613908873e-06
7908	1	9.59232613908873e-06
17969	1	9.59232613908873e-06
29827	1	9.59232613908873e-06
390	1	9.59232613908873e-06
10153	1	9.59232613908873e-06
19873	1	9.59232613908873e-06
11217	1	9.59232613908873e-06
13134	1	9.59232613908873e-06
9275	1	9.59232613908873e-06
7361	1	9.59232613908873e-06
8476	1	9.59232613908873e-06
4602	1	9.59232613908873e-06
27410	1	9.59232613908873e-06
27940	1	9.59232613908873e-06
11863	1	9.59232613908873e-06
11198	1	9.59232613908873e-06
30325	1	9.59232613908873e-06
2522	1	9.59232613908873e-06
8715	1	9.59232613908873e-06
17955	1	9.59232613908873e-06
17458	1	9.59232613908873e-06
3491	1	9.59232613908873e-06
4419	1	9.59232613908873e-06
558	1	9.59232613908873e-06
12620	1	9.59232613908873e-06
2526	1	9.59232613908873e-06
2151	1	9.59232613908873e-06
18989	1	9.59232613908873e-06
17946	1	9.59232613908873e-06
13306	1	9.59232613908873e-06
16400	1	9.59232613908873e-06
464	1	9.59232613908873e-06
16923	1	9.59232613908873e-06
14140	1	9.59232613908873e-06
26024	1	9.59232613908873e-06
10487	1	9.59232613908873e-06
6698	1	9.59232613908873e-06
27377	1	9.59232613908873e-06
582	1	9.59232613908873e-06
1799	1	9.59232613908873e-06
14075	1	9.59232613908873e-06
8564	1	9.59232613908873e-06
20322	1	9.59232613908873e-06
11643	1	9.59232613908873e-06
18728	1	9.59232613908873e-06
25966	1	9.59232613908873e-06
7706	1	9.59232613908873e-06
2579	1	9.59232613908873e-06
8681	1	9.59232613908873e-06
2968	1	9.59232613908873e-06
27128	1	9.59232613908873e-06
2950	1	9.59232613908873e-06
503	1	9.59232613908873e-06
10896	1	9.59232613908873e-06
7823	1	9.59232613908873e-06
14637	1	9.59232613908873e-06
2176	1	9.59232613908873e-06
14725	1	9.59232613908873e-06
12946	1	9.59232613908873e-06
1644	1	9.59232613908873e-06
618	1	9.59232613908873e-06
22906	1	9.59232613908873e-06
5681	1	9.59232613908873e-06
1493	1	9.59232613908873e-06
16084	1	9.59232613908873e-06
2928	1	9.59232613908873e-06
4260	1	9.59232613908873e-06
13308	1	9.59232613908873e-06
5813	1	9.59232613908873e-06
28751	1	9.59232613908873e-06
24514	1	9.59232613908873e-06
16963	1	9.59232613908873e-06
619	1	9.59232613908873e-06
27817	1	9.59232613908873e-06
833	1	9.59232613908873e-06
6852	1	9.59232613908873e-06
5883	1	9.59232613908873e-06
4490	1	9.59232613908873e-06
23051	1	9.59232613908873e-06
10547	1	9.59232613908873e-06
28072	1	9.59232613908873e-06
1678	1	9.59232613908873e-06
4190	1	9.59232613908873e-06
20599	1	9.59232613908873e-06
5996	1	9.59232613908873e-06
5859	1	9.59232613908873e-06
12970	1	9.59232613908873e-06
21099	1	9.59232613908873e-06
15173	1	9.59232613908873e-06
939	1	9.59232613908873e-06
20813	1	9.59232613908873e-06
8027	1	9.59232613908873e-06
6953	1	9.59232613908873e-06
21398	1	9.59232613908873e-06
15497	1	9.59232613908873e-06
21502	1	9.59232613908873e-06
2892	1	9.59232613908873e-06
17266	1	9.59232613908873e-06
6432	1	9.59232613908873e-06
23435	1	9.59232613908873e-06
2438	1	9.59232613908873e-06
4693	1	9.59232613908873e-06
2660	1	9.59232613908873e-06
25912	1	9.59232613908873e-06
27201	1	9.59232613908873e-06
7837	1	9.59232613908873e-06
29983	1	9.59232613908873e-06
3153	1	9.59232613908873e-06
29464	1	9.59232613908873e-06
4594	1	9.59232613908873e-06
19291	1	9.59232613908873e-06
21315	1	9.59232613908873e-06
29986	1	9.59232613908873e-06
814	1	9.59232613908873e-06
22480	1	9.59232613908873e-06
20551	1	9.59232613908873e-06
5470	1	9.59232613908873e-06
2330	1	9.59232613908873e-06
2511	1	9.59232613908873e-06
5146	1	9.59232613908873e-06
14170	1	9.59232613908873e-06
8950	1	9.59232613908873e-06
17254	1	9.59232613908873e-06
14713	1	9.59232613908873e-06
4016	1	9.59232613908873e-06
2373	1	9.59232613908873e-06
20006	1	9.59232613908873e-06
17007	1	9.59232613908873e-06
15436	1	9.59232613908873e-06
3498	1	9.59232613908873e-06
4865	1	9.59232613908873e-06
3090	1	9.59232613908873e-06
8319	1	9.59232613908873e-06
246	1	9.59232613908873e-06
19787	1	9.59232613908873e-06
26659	1	9.59232613908873e-06
8104	1	9.59232613908873e-06
3204	1	9.59232613908873e-06
15735	1	9.59232613908873e-06
3228	1	9.59232613908873e-06
19390	1	9.59232613908873e-06
11129	1	9.59232613908873e-06
249	1	9.59232613908873e-06
6562	1	9.59232613908873e-06
19083	1	9.59232613908873e-06
12260	1	9.59232613908873e-06
