29525	3122	0.02556920556920557
11535	3097	0.025364455364455363
29616	2540	0.020802620802620804
8438	2275	0.018632268632268634
25472	1945	0.01592956592956593
15622	1711	0.014013104013104013
2704	1655	0.013554463554463554
1220	1601	0.013112203112203112
15047	1556	0.012743652743652743
28236	1504	0.012317772317772318
3425	1493	0.012227682227682227
4488	1444	0.011826371826371826
11601	1429	0.011703521703521704
21363	1415	0.011588861588861589
18484	1383	0.011326781326781327
1301	1319	0.010802620802620802
16276	1311	0.010737100737100738
2320	1275	0.010442260442260442
7863	1241	0.010163800163800163
18357	1221	0.01
17890	1149	0.00941031941031941
5246	1128	0.009238329238329238
9515	1089	0.00891891891891892
19370	1089	0.00891891891891892
6603	1085	0.008886158886158886
23892	995	0.008149058149058148
26419	986	0.008075348075348075
25486	981	0.008034398034398035
891	913	0.007477477477477477
21547	905	0.007411957411957412
16878	893	0.0073136773136773135
134	887	0.007264537264537264
15799	879	0.007199017199017199
25819	870	0.007125307125307125
12305	867	0.007100737100737101
26189	839	0.006871416871416872
2914	829	0.006789516789516789
1612	816	0.006683046683046683
27756	804	0.006584766584766585
11412	767	0.0062817362817362814
3861	749	0.0061343161343161345
18509	723	0.005921375921375921
25617	713	0.00583947583947584
30629	682	0.005585585585585586
5270	676	0.0055364455364455365
7176	672	0.005503685503685503
14278	667	0.005462735462735463
3496	667	0.005462735462735463
11951	660	0.005405405405405406
11137	655	0.005364455364455364
686	647	0.005298935298935299
12121	646	0.005290745290745291
18826	644	0.005274365274365274
8501	625	0.005118755118755119
16378	623	0.0051023751023751025
18536	600	0.004914004914004914
20102	594	0.004864864864864865
23730	578	0.004733824733824734
14622	571	0.004676494676494677
29295	567	0.004643734643734644
18112	566	0.004635544635544635
3105	564	0.004619164619164619
10742	561	0.0045945945945945945
9217	556	0.004553644553644554
27718	545	0.004463554463554464
12722	535	0.004381654381654381
30502	527	0.004316134316134316
3284	521	0.004266994266994267
796	520	0.004258804258804259
26626	519	0.0042506142506142505
8976	517	0.004234234234234234
24151	509	0.004168714168714169
16397	505	0.004135954135954136
3650	505	0.004135954135954136
1843	492	0.00402948402948403
9880	490	0.0040131040131040135
323	485	0.003972153972153972
10220	483	0.003955773955773956
6640	479	0.003923013923013923
4947	474	0.0038820638820638823
7549	474	0.0038820638820638823
2192	470	0.003849303849303849
20573	468	0.003832923832923833
8449	464	0.0038001638001638003
21600	455	0.0037264537264537264
29366	454	0.0037182637182637183
4370	450	0.0036855036855036856
1180	440	0.0036036036036036037
14593	432	0.0035380835380835383
5109	425	0.003480753480753481
19490	414	0.0033906633906633904
13024	412	0.0033742833742833743
13701	408	0.0033415233415233416
5030	404	0.003308763308763309
1716	401	0.0032841932841932843
7318	390	0.0031941031941031942
262	380	0.0031122031122031123
3720	376	0.0030794430794430796
2147	372	0.003046683046683047
19132	371	0.0030384930384930384
17058	366	0.0029975429975429976
2501	361	0.0029565929565929564
23160	360	0.0029484029484029483
23933	356	0.0029156429156429156
175	355	0.0029074529074529076
24122	341	0.002792792792792793
11928	333	0.0027272727272727275
17581	329	0.0026945126945126944
7227	323	0.0026453726453726455
13116	317	0.0025962325962325962
16009	301	0.002465192465192465
3716	298	0.002440622440622441
6052	296	0.0024242424242424242
2606	293	0.0023996723996723996
3080	292	0.0023914823914823915
14641	292	0.0023914823914823915
12945	289	0.002366912366912367
8022	289	0.002366912366912367
19471	282	0.0023095823095823096
8591	274	0.002244062244062244
28430	271	0.0022194922194922195
3648	268	0.002194922194922195
8262	264	0.002162162162162162
13644	262	0.0021457821457821456
5594	253	0.002072072072072072
3883	252	0.002063882063882064
10266	250	0.0020475020475020475
3625	249	0.0020393120393120395
19121	243	0.00199017199017199
1253	243	0.00199017199017199
22616	242	0.001981981981981982
18178	242	0.001981981981981982
11734	242	0.001981981981981982
28830	238	0.0019492219492219492
16035	230	0.0018837018837018838
7107	228	0.0018673218673218672
25049	219	0.0017936117936117935
23668	217	0.0017772317772317772
10539	216	0.0017690417690417691
117	216	0.0017690417690417691
8065	212	0.0017362817362817362
2482	210	0.0017199017199017199
19895	210	0.0017199017199017199
11922	206	0.0016871416871416872
621	201	0.0016461916461916462
2715	200	0.001638001638001638
7617	196	0.0016052416052416052
4800	195	0.0015970515970515971
440	192	0.0015724815724815725
4785	188	0.0015397215397215398
3738	188	0.0015397215397215398
881	185	0.0015151515151515152
25008	185	0.0015151515151515152
28629	185	0.0015151515151515152
14863	182	0.0014905814905814905
18879	168	0.0013759213759213758
15016	163	0.001334971334971335
3278	162	0.0013267813267813268
10864	162	0.0013267813267813268
22893	160	0.0013104013104013104
9837	160	0.0013104013104013104
281	159	0.0013022113022113022
14613	156	0.0012776412776412777
10933	155	0.0012694512694512695
7217	154	0.0012612612612612612
24135	154	0.0012612612612612612
7777	151	0.0012366912366912368
15999	146	0.0011957411957411958
18177	145	0.0011875511875511875
21957	145	0.0011875511875511875
21213	144	0.0011793611793611794
6237	142	0.001162981162981163
1926	137	0.001122031122031122
27586	136	0.0011138411138411138
18644	134	0.0010974610974610974
868	131	0.0010728910728910728
27182	131	0.0010728910728910728
16305	131	0.0010728910728910728
22451	126	0.001031941031941032
16350	124	0.0010155610155610155
971	123	0.0010073710073710074
1189	123	0.0010073710073710074
17279	123	0.0010073710073710074
1377	121	0.000990990990990991
5486	121	0.000990990990990991
28274	120	0.0009828009828009828
17562	119	0.0009746109746109746
8675	118	0.0009664209664209664
14873	118	0.0009664209664209664
2225	117	0.0009582309582309583
22059	114	0.0009336609336609336
11033	113	0.0009254709254709254
27134	113	0.0009254709254709254
14437	112	0.0009172809172809173
14176	111	0.0009090909090909091
9824	111	0.0009090909090909091
21902	109	0.0008927108927108927
7954	107	0.0008763308763308763
15848	106	0.0008681408681408681
13450	105	0.0008599508599508599
30408	104	0.0008517608517608518
13886	103	0.0008435708435708436
12869	102	0.0008353808353808354
4101	100	0.000819000819000819
5554	99	0.0008108108108108108
19941	99	0.0008108108108108108
24707	97	0.0007944307944307944
11271	97	0.0007944307944307944
23644	96	0.0007862407862407862
28142	96	0.0007862407862407862
7401	96	0.0007862407862407862
2402	96	0.0007862407862407862
16449	95	0.0007780507780507781
24937	94	0.0007698607698607699
23159	93	0.0007616707616707617
1328	92	0.0007534807534807534
3528	92	0.0007534807534807534
21942	92	0.0007534807534807534
8430	89	0.0007289107289107289
2298	89	0.0007289107289107289
22333	89	0.0007289107289107289
14661	89	0.0007289107289107289
30246	87	0.0007125307125307126
26959	86	0.0007043407043407044
6680	86	0.0007043407043407044
8383	86	0.0007043407043407044
26526	85	0.0006961506961506961
826	85	0.0006961506961506961
23262	84	0.0006879606879606879
15853	83	0.0006797706797706797
1156	82	0.0006715806715806716
2875	81	0.0006633906633906634
11397	81	0.0006633906633906634
470	81	0.0006633906633906634
2865	79	0.000647010647010647
11312	78	0.0006388206388206389
7086	75	0.0006142506142506142
28612	75	0.0006142506142506142
28205	74	0.0006060606060606061
8842	73	0.0005978705978705979
12575	72	0.0005896805896805897
7459	72	0.0005896805896805897
14776	71	0.0005814905814905815
4108	71	0.0005814905814905815
2010	70	0.0005733005733005733
8497	69	0.0005651105651105651
6973	69	0.0005651105651105651
777	68	0.0005569205569205569
4451	68	0.0005569205569205569
7424	67	0.0005487305487305487
19042	66	0.0005405405405405405
18283	66	0.0005405405405405405
14402	64	0.0005241605241605242
27937	64	0.0005241605241605242
18245	64	0.0005241605241605242
2981	63	0.000515970515970516
14115	63	0.000515970515970516
6396	63	0.000515970515970516
12292	62	0.0005077805077805077
27770	62	0.0005077805077805077
13950	62	0.0005077805077805077
13627	61	0.0004995904995904996
3481	60	0.0004914004914004914
26183	60	0.0004914004914004914
20987	60	0.0004914004914004914
2647	59	0.0004832104832104832
14818	59	0.0004832104832104832
8471	59	0.0004832104832104832
5318	59	0.0004832104832104832
10636	58	0.00047502047502047504
3564	58	0.00047502047502047504
27197	57	0.0004668304668304668
29612	56	0.00045864045864045863
27158	55	0.00045045045045045046
3975	55	0.00045045045045045046
23757	55	0.00045045045045045046
25498	54	0.0004422604422604423
25404	54	0.0004422604422604423
703	54	0.0004422604422604423
26468	53	0.00043407043407043405
1655	53	0.00043407043407043405
25968	53	0.00043407043407043405
4052	53	0.00043407043407043405
25254	53	0.00043407043407043405
2318	52	0.0004258804258804259
953	52	0.0004258804258804259
301	51	0.0004176904176904177
7150	51	0.0004176904176904177
10559	50	0.0004095004095004095
17021	50	0.0004095004095004095
14277	50	0.0004095004095004095
14508	48	0.0003931203931203931
14122	48	0.0003931203931203931
15121	48	0.0003931203931203931
6369	48	0.0003931203931203931
12455	48	0.0003931203931203931
17443	48	0.0003931203931203931
27318	47	0.00038493038493038495
27650	47	0.00038493038493038495
29996	47	0.00038493038493038495
3560	47	0.00038493038493038495
1582	46	0.0003767403767403767
876	45	0.00036855036855036854
16921	45	0.00036855036855036854
15330	44	0.00036036036036036037
6730	44	0.00036036036036036037
12156	43	0.0003521703521703522
26306	43	0.0003521703521703522
25800	43	0.0003521703521703522
7412	43	0.0003521703521703522
1104	43	0.0003521703521703522
15627	42	0.00034398034398034396
15516	42	0.00034398034398034396
746	41	0.0003357903357903358
27333	40	0.0003276003276003276
2028	40	0.0003276003276003276
11067	40	0.0003276003276003276
14228	40	0.0003276003276003276
15605	40	0.0003276003276003276
14632	39	0.00031941031941031943
20384	39	0.00031941031941031943
25234	39	0.00031941031941031943
5087	39	0.00031941031941031943
11258	38	0.0003112203112203112
7856	38	0.0003112203112203112
5110	38	0.0003112203112203112
24694	38	0.0003112203112203112
22797	38	0.0003112203112203112
2906	38	0.0003112203112203112
1872	37	0.00030303030303030303
8820	37	0.00030303030303030303
1337	37	0.00030303030303030303
17672	37	0.00030303030303030303
1565	36	0.00029484029484029485
1929	36	0.00029484029484029485
601	36	0.00029484029484029485
7645	36	0.00029484029484029485
7389	35	0.0002866502866502866
21378	35	0.0002866502866502866
25502	34	0.00027846027846027845
3030	34	0.00027846027846027845
20906	34	0.00027846027846027845
1001	34	0.00027846027846027845
2633	33	0.0002702702702702703
20571	33	0.0002702702702702703
9321	33	0.0002702702702702703
16922	33	0.0002702702702702703
2465	33	0.0002702702702702703
29365	33	0.0002702702702702703
7326	33	0.0002702702702702703
27785	33	0.0002702702702702703
8557	32	0.0002620802620802621
1846	32	0.0002620802620802621
22386	32	0.0002620802620802621
28448	31	0.00025389025389025387
25581	31	0.00025389025389025387
20003	31	0.00025389025389025387
8346	31	0.00025389025389025387
3870	30	0.0002457002457002457
4553	30	0.0002457002457002457
7180	30	0.0002457002457002457
6969	30	0.0002457002457002457
14699	30	0.0002457002457002457
5760	30	0.0002457002457002457
17051	30	0.0002457002457002457
4352	30	0.0002457002457002457
4904	29	0.00023751023751023752
12014	29	0.00023751023751023752
15749	29	0.00023751023751023752
25100	29	0.00023751023751023752
19138	29	0.00023751023751023752
9771	29	0.00023751023751023752
11473	29	0.00023751023751023752
7682	29	0.00023751023751023752
937	29	0.00023751023751023752
16083	29	0.00023751023751023752
7439	28	0.00022932022932022932
6861	28	0.00022932022932022932
5888	28	0.00022932022932022932
18711	28	0.00022932022932022932
2932	28	0.00022932022932022932
8790	28	0.00022932022932022932
4256	28	0.00022932022932022932
27883	28	0.00022932022932022932
3371	27	0.00022113022113022114
2118	27	0.00022113022113022114
15704	27	0.00022113022113022114
3802	27	0.00022113022113022114
3869	27	0.00022113022113022114
27695	26	0.00021294021294021294
4434	26	0.00021294021294021294
8072	26	0.00021294021294021294
5916	26	0.00021294021294021294
11211	26	0.00021294021294021294
18888	26	0.00021294021294021294
5354	25	0.00020475020475020476
12448	25	0.00020475020475020476
495	25	0.00020475020475020476
3457	25	0.00020475020475020476
21975	25	0.00020475020475020476
9422	25	0.00020475020475020476
589	25	0.00020475020475020476
13333	25	0.00020475020475020476
21527	24	0.00019656019656019656
3942	24	0.00019656019656019656
30255	24	0.00019656019656019656
27399	24	0.00019656019656019656
4994	24	0.00019656019656019656
8811	24	0.00019656019656019656
2452	24	0.00019656019656019656
9175	23	0.00018837018837018836
11611	23	0.00018837018837018836
16784	23	0.00018837018837018836
12892	23	0.00018837018837018836
28942	23	0.00018837018837018836
216	23	0.00018837018837018836
1413	23	0.00018837018837018836
19812	23	0.00018837018837018836
3973	23	0.00018837018837018836
1476	23	0.00018837018837018836
30091	23	0.00018837018837018836
3019	22	0.00018018018018018018
22851	22	0.00018018018018018018
22362	22	0.00018018018018018018
10779	22	0.00018018018018018018
3480	22	0.00018018018018018018
993	22	0.00018018018018018018
2672	22	0.00018018018018018018
19824	22	0.00018018018018018018
17415	22	0.00018018018018018018
30328	21	0.00017199017199017198
13994	21	0.00017199017199017198
15550	21	0.00017199017199017198
10123	21	0.00017199017199017198
9088	21	0.00017199017199017198
6231	20	0.0001638001638001638
10012	20	0.0001638001638001638
303	20	0.0001638001638001638
14381	20	0.0001638001638001638
12062	20	0.0001638001638001638
18894	20	0.0001638001638001638
28441	19	0.0001556101556101556
1441	19	0.0001556101556101556
5457	19	0.0001556101556101556
22277	19	0.0001556101556101556
6679	19	0.0001556101556101556
3767	19	0.0001556101556101556
10371	19	0.0001556101556101556
927	19	0.0001556101556101556
9101	19	0.0001556101556101556
16112	19	0.0001556101556101556
1518	19	0.0001556101556101556
20129	19	0.0001556101556101556
26891	19	0.0001556101556101556
7301	19	0.0001556101556101556
17250	19	0.0001556101556101556
28143	18	0.00014742014742014743
3242	18	0.00014742014742014743
209	18	0.00014742014742014743
21048	18	0.00014742014742014743
3580	18	0.00014742014742014743
20457	18	0.00014742014742014743
2272	18	0.00014742014742014743
7200	18	0.00014742014742014743
218	18	0.00014742014742014743
92	18	0.00014742014742014743
12901	18	0.00014742014742014743
24040	17	0.00013923013923013922
9657	17	0.00013923013923013922
3769	17	0.00013923013923013922
4133	17	0.00013923013923013922
1166	17	0.00013923013923013922
9529	17	0.00013923013923013922
19272	17	0.00013923013923013922
13988	17	0.00013923013923013922
9147	17	0.00013923013923013922
9689	17	0.00013923013923013922
290	17	0.00013923013923013922
17994	17	0.00013923013923013922
766	17	0.00013923013923013922
2557	17	0.00013923013923013922
22623	17	0.00013923013923013922
3289	17	0.00013923013923013922
8049	16	0.00013104013104013105
8655	16	0.00013104013104013105
8061	16	0.00013104013104013105
7184	16	0.00013104013104013105
8926	16	0.00013104013104013105
7329	16	0.00013104013104013105
1873	16	0.00013104013104013105
11097	16	0.00013104013104013105
20313	16	0.00013104013104013105
7723	16	0.00013104013104013105
24079	16	0.00013104013104013105
7911	16	0.00013104013104013105
11260	15	0.00012285012285012285
24287	15	0.00012285012285012285
989	15	0.00012285012285012285
19358	15	0.00012285012285012285
6792	15	0.00012285012285012285
8074	15	0.00012285012285012285
6110	15	0.00012285012285012285
7284	15	0.00012285012285012285
21888	15	0.00012285012285012285
5289	15	0.00012285012285012285
21232	14	0.00011466011466011466
8020	14	0.00011466011466011466
19991	14	0.00011466011466011466
9550	14	0.00011466011466011466
14982	14	0.00011466011466011466
27299	14	0.00011466011466011466
26816	14	0.00011466011466011466
19663	14	0.00011466011466011466
25568	14	0.00011466011466011466
5355	14	0.00011466011466011466
9641	14	0.00011466011466011466
22489	14	0.00011466011466011466
24017	14	0.00011466011466011466
9150	14	0.00011466011466011466
12447	13	0.00010647010647010647
20731	13	0.00010647010647010647
12608	13	0.00010647010647010647
20059	13	0.00010647010647010647
21588	13	0.00010647010647010647
6477	13	0.00010647010647010647
26621	13	0.00010647010647010647
16125	13	0.00010647010647010647
13217	13	0.00010647010647010647
18055	13	0.00010647010647010647
3438	13	0.00010647010647010647
4442	13	0.00010647010647010647
6311	13	0.00010647010647010647
3670	13	0.00010647010647010647
593	13	0.00010647010647010647
23254	13	0.00010647010647010647
4648	13	0.00010647010647010647
26570	13	0.00010647010647010647
4888	13	0.00010647010647010647
5358	13	0.00010647010647010647
13166	13	0.00010647010647010647
9412	13	0.00010647010647010647
11450	12	9.828009828009828e-05
2218	12	9.828009828009828e-05
12675	12	9.828009828009828e-05
2951	12	9.828009828009828e-05
9309	12	9.828009828009828e-05
7978	12	9.828009828009828e-05
14270	12	9.828009828009828e-05
22177	12	9.828009828009828e-05
27041	12	9.828009828009828e-05
13106	12	9.828009828009828e-05
7807	12	9.828009828009828e-05
3960	12	9.828009828009828e-05
7919	12	9.828009828009828e-05
560	12	9.828009828009828e-05
1355	11	9.009009009009009e-05
11893	11	9.009009009009009e-05
233	11	9.009009009009009e-05
1047	11	9.009009009009009e-05
27478	11	9.009009009009009e-05
11869	11	9.009009009009009e-05
9213	11	9.009009009009009e-05
22695	11	9.009009009009009e-05
9734	11	9.009009009009009e-05
4552	11	9.009009009009009e-05
7897	11	9.009009009009009e-05
23413	11	9.009009009009009e-05
22381	11	9.009009009009009e-05
26192	11	9.009009009009009e-05
3504	11	9.009009009009009e-05
16612	11	9.009009009009009e-05
6277	11	9.009009009009009e-05
10798	11	9.009009009009009e-05
27189	10	8.19000819000819e-05
23085	10	8.19000819000819e-05
4956	10	8.19000819000819e-05
26979	10	8.19000819000819e-05
17233	10	8.19000819000819e-05
10454	10	8.19000819000819e-05
7131	10	8.19000819000819e-05
10423	10	8.19000819000819e-05
19009	10	8.19000819000819e-05
6098	10	8.19000819000819e-05
44	10	8.19000819000819e-05
5926	10	8.19000819000819e-05
17613	10	8.19000819000819e-05
900	10	8.19000819000819e-05
456	10	8.19000819000819e-05
25729	10	8.19000819000819e-05
10046	10	8.19000819000819e-05
11973	10	8.19000819000819e-05
19436	10	8.19000819000819e-05
29163	10	8.19000819000819e-05
191	10	8.19000819000819e-05
9263	10	8.19000819000819e-05
1284	10	8.19000819000819e-05
12066	10	8.19000819000819e-05
30378	10	8.19000819000819e-05
1892	10	8.19000819000819e-05
6360	9	7.371007371007371e-05
10100	9	7.371007371007371e-05
2643	9	7.371007371007371e-05
2491	9	7.371007371007371e-05
1645	9	7.371007371007371e-05
12123	9	7.371007371007371e-05
18522	9	7.371007371007371e-05
19509	9	7.371007371007371e-05
7949	9	7.371007371007371e-05
21193	9	7.371007371007371e-05
18963	9	7.371007371007371e-05
23057	9	7.371007371007371e-05
7281	9	7.371007371007371e-05
2542	9	7.371007371007371e-05
12803	9	7.371007371007371e-05
23504	9	7.371007371007371e-05
24094	9	7.371007371007371e-05
4767	9	7.371007371007371e-05
13109	9	7.371007371007371e-05
21788	9	7.371007371007371e-05
7468	9	7.371007371007371e-05
29113	9	7.371007371007371e-05
2664	9	7.371007371007371e-05
1708	9	7.371007371007371e-05
24131	9	7.371007371007371e-05
19118	9	7.371007371007371e-05
7878	9	7.371007371007371e-05
27743	9	7.371007371007371e-05
27894	9	7.371007371007371e-05
4690	8	6.552006552006552e-05
4304	8	6.552006552006552e-05
19832	8	6.552006552006552e-05
2868	8	6.552006552006552e-05
11449	8	6.552006552006552e-05
17325	8	6.552006552006552e-05
4489	8	6.552006552006552e-05
7346	8	6.552006552006552e-05
27146	8	6.552006552006552e-05
1130	8	6.552006552006552e-05
25010	8	6.552006552006552e-05
811	8	6.552006552006552e-05
715	8	6.552006552006552e-05
7466	8	6.552006552006552e-05
221	8	6.552006552006552e-05
3647	8	6.552006552006552e-05
26187	8	6.552006552006552e-05
7061	8	6.552006552006552e-05
5023	8	6.552006552006552e-05
14490	8	6.552006552006552e-05
2213	8	6.552006552006552e-05
25815	8	6.552006552006552e-05
9451	8	6.552006552006552e-05
4449	8	6.552006552006552e-05
15074	8	6.552006552006552e-05
23038	8	6.552006552006552e-05
1164	8	6.552006552006552e-05
5028	8	6.552006552006552e-05
16962	8	6.552006552006552e-05
11941	8	6.552006552006552e-05
2968	8	6.552006552006552e-05
10180	8	6.552006552006552e-05
20929	8	6.552006552006552e-05
5399	8	6.552006552006552e-05
11892	8	6.552006552006552e-05
26730	8	6.552006552006552e-05
3917	8	6.552006552006552e-05
14264	8	6.552006552006552e-05
22548	8	6.552006552006552e-05
20664	8	6.552006552006552e-05
9685	8	6.552006552006552e-05
8180	7	5.733005733005733e-05
30438	7	5.733005733005733e-05
5666	7	5.733005733005733e-05
13208	7	5.733005733005733e-05
19873	7	5.733005733005733e-05
20809	7	5.733005733005733e-05
3158	7	5.733005733005733e-05
9037	7	5.733005733005733e-05
7241	7	5.733005733005733e-05
15489	7	5.733005733005733e-05
5459	7	5.733005733005733e-05
14877	7	5.733005733005733e-05
11557	7	5.733005733005733e-05
10362	7	5.733005733005733e-05
30032	7	5.733005733005733e-05
3559	7	5.733005733005733e-05
4510	7	5.733005733005733e-05
322	7	5.733005733005733e-05
13327	7	5.733005733005733e-05
29551	7	5.733005733005733e-05
25926	7	5.733005733005733e-05
26529	7	5.733005733005733e-05
10208	7	5.733005733005733e-05
9066	7	5.733005733005733e-05
4996	7	5.733005733005733e-05
29530	7	5.733005733005733e-05
21396	7	5.733005733005733e-05
7767	7	5.733005733005733e-05
5173	7	5.733005733005733e-05
19212	7	5.733005733005733e-05
1426	7	5.733005733005733e-05
15421	7	5.733005733005733e-05
4474	7	5.733005733005733e-05
13489	7	5.733005733005733e-05
687	7	5.733005733005733e-05
4877	7	5.733005733005733e-05
16209	7	5.733005733005733e-05
23176	7	5.733005733005733e-05
7249	7	5.733005733005733e-05
14649	7	5.733005733005733e-05
13404	6	4.914004914004914e-05
1560	6	4.914004914004914e-05
24124	6	4.914004914004914e-05
5458	6	4.914004914004914e-05
5641	6	4.914004914004914e-05
15221	6	4.914004914004914e-05
2705	6	4.914004914004914e-05
321	6	4.914004914004914e-05
8561	6	4.914004914004914e-05
28479	6	4.914004914004914e-05
26119	6	4.914004914004914e-05
8908	6	4.914004914004914e-05
18060	6	4.914004914004914e-05
3575	6	4.914004914004914e-05
25833	6	4.914004914004914e-05
2696	6	4.914004914004914e-05
28480	6	4.914004914004914e-05
14418	6	4.914004914004914e-05
11471	6	4.914004914004914e-05
19615	6	4.914004914004914e-05
15744	6	4.914004914004914e-05
11745	6	4.914004914004914e-05
12198	6	4.914004914004914e-05
24315	6	4.914004914004914e-05
24203	6	4.914004914004914e-05
2259	6	4.914004914004914e-05
392	6	4.914004914004914e-05
1795	6	4.914004914004914e-05
18137	6	4.914004914004914e-05
3962	6	4.914004914004914e-05
5456	6	4.914004914004914e-05
11220	6	4.914004914004914e-05
21175	6	4.914004914004914e-05
7790	6	4.914004914004914e-05
22364	6	4.914004914004914e-05
8476	6	4.914004914004914e-05
12050	5	4.095004095004095e-05
6241	5	4.095004095004095e-05
6787	5	4.095004095004095e-05
14326	5	4.095004095004095e-05
21689	5	4.095004095004095e-05
5140	5	4.095004095004095e-05
3581	5	4.095004095004095e-05
9403	5	4.095004095004095e-05
3948	5	4.095004095004095e-05
12300	5	4.095004095004095e-05
26394	5	4.095004095004095e-05
1876	5	4.095004095004095e-05
7571	5	4.095004095004095e-05
18467	5	4.095004095004095e-05
5276	5	4.095004095004095e-05
28949	5	4.095004095004095e-05
24747	5	4.095004095004095e-05
3990	5	4.095004095004095e-05
27540	5	4.095004095004095e-05
13348	5	4.095004095004095e-05
23449	5	4.095004095004095e-05
12996	5	4.095004095004095e-05
8563	5	4.095004095004095e-05
9900	5	4.095004095004095e-05
23893	5	4.095004095004095e-05
10341	5	4.095004095004095e-05
21325	5	4.095004095004095e-05
29414	5	4.095004095004095e-05
4130	5	4.095004095004095e-05
13170	5	4.095004095004095e-05
29229	5	4.095004095004095e-05
20764	5	4.095004095004095e-05
4602	5	4.095004095004095e-05
3529	5	4.095004095004095e-05
28618	5	4.095004095004095e-05
21707	5	4.095004095004095e-05
7188	5	4.095004095004095e-05
714	5	4.095004095004095e-05
25701	5	4.095004095004095e-05
21322	5	4.095004095004095e-05
23189	5	4.095004095004095e-05
6501	5	4.095004095004095e-05
15167	5	4.095004095004095e-05
11246	5	4.095004095004095e-05
22744	5	4.095004095004095e-05
22762	5	4.095004095004095e-05
4084	5	4.095004095004095e-05
20981	5	4.095004095004095e-05
5555	5	4.095004095004095e-05
4400	5	4.095004095004095e-05
5151	5	4.095004095004095e-05
2867	5	4.095004095004095e-05
17830	5	4.095004095004095e-05
14996	5	4.095004095004095e-05
11100	5	4.095004095004095e-05
11810	5	4.095004095004095e-05
28568	5	4.095004095004095e-05
5257	4	3.276003276003276e-05
2316	4	3.276003276003276e-05
5154	4	3.276003276003276e-05
26724	4	3.276003276003276e-05
29708	4	3.276003276003276e-05
20599	4	3.276003276003276e-05
24809	4	3.276003276003276e-05
17144	4	3.276003276003276e-05
4514	4	3.276003276003276e-05
129	4	3.276003276003276e-05
574	4	3.276003276003276e-05
8715	4	3.276003276003276e-05
15264	4	3.276003276003276e-05
22515	4	3.276003276003276e-05
11217	4	3.276003276003276e-05
10782	4	3.276003276003276e-05
29142	4	3.276003276003276e-05
15436	4	3.276003276003276e-05
22473	4	3.276003276003276e-05
17716	4	3.276003276003276e-05
13525	4	3.276003276003276e-05
27904	4	3.276003276003276e-05
22728	4	3.276003276003276e-05
6897	4	3.276003276003276e-05
21499	4	3.276003276003276e-05
21063	4	3.276003276003276e-05
641	4	3.276003276003276e-05
8910	4	3.276003276003276e-05
20207	4	3.276003276003276e-05
29577	4	3.276003276003276e-05
5153	4	3.276003276003276e-05
25747	4	3.276003276003276e-05
7694	4	3.276003276003276e-05
20143	4	3.276003276003276e-05
19044	4	3.276003276003276e-05
26302	4	3.276003276003276e-05
14979	4	3.276003276003276e-05
4911	4	3.276003276003276e-05
9023	4	3.276003276003276e-05
18699	4	3.276003276003276e-05
26476	4	3.276003276003276e-05
11129	4	3.276003276003276e-05
15735	4	3.276003276003276e-05
2178	4	3.276003276003276e-05
5010	4	3.276003276003276e-05
26418	4	3.276003276003276e-05
24075	4	3.276003276003276e-05
21824	4	3.276003276003276e-05
10544	4	3.276003276003276e-05
30362	4	3.276003276003276e-05
15548	4	3.276003276003276e-05
15761	4	3.276003276003276e-05
17133	4	3.276003276003276e-05
2632	4	3.276003276003276e-05
1580	4	3.276003276003276e-05
8475	4	3.276003276003276e-05
599	4	3.276003276003276e-05
5309	4	3.276003276003276e-05
14542	4	3.276003276003276e-05
1360	4	3.276003276003276e-05
10242	4	3.276003276003276e-05
518	4	3.276003276003276e-05
6866	4	3.276003276003276e-05
17222	4	3.276003276003276e-05
1512	4	3.276003276003276e-05
618	4	3.276003276003276e-05
4203	4	3.276003276003276e-05
13640	4	3.276003276003276e-05
5366	4	3.276003276003276e-05
2365	4	3.276003276003276e-05
2107	4	3.276003276003276e-05
30047	4	3.276003276003276e-05
12576	4	3.276003276003276e-05
9058	4	3.276003276003276e-05
20141	4	3.276003276003276e-05
21656	4	3.276003276003276e-05
5381	4	3.276003276003276e-05
26384	4	3.276003276003276e-05
10713	4	3.276003276003276e-05
11755	4	3.276003276003276e-05
4738	4	3.276003276003276e-05
12098	4	3.276003276003276e-05
1442	4	3.276003276003276e-05
3142	4	3.276003276003276e-05
22307	4	3.276003276003276e-05
14299	3	2.457002457002457e-05
11070	3	2.457002457002457e-05
2348	3	2.457002457002457e-05
405	3	2.457002457002457e-05
1519	3	2.457002457002457e-05
18191	3	2.457002457002457e-05
29528	3	2.457002457002457e-05
15227	3	2.457002457002457e-05
26262	3	2.457002457002457e-05
24150	3	2.457002457002457e-05
22349	3	2.457002457002457e-05
23975	3	2.457002457002457e-05
4128	3	2.457002457002457e-05
15760	3	2.457002457002457e-05
6154	3	2.457002457002457e-05
5559	3	2.457002457002457e-05
3631	3	2.457002457002457e-05
2073	3	2.457002457002457e-05
8488	3	2.457002457002457e-05
4369	3	2.457002457002457e-05
20101	3	2.457002457002457e-05
6611	3	2.457002457002457e-05
18829	3	2.457002457002457e-05
8351	3	2.457002457002457e-05
19477	3	2.457002457002457e-05
28336	3	2.457002457002457e-05
18827	3	2.457002457002457e-05
16376	3	2.457002457002457e-05
26935	3	2.457002457002457e-05
21750	3	2.457002457002457e-05
3116	3	2.457002457002457e-05
7618	3	2.457002457002457e-05
30325	3	2.457002457002457e-05
1768	3	2.457002457002457e-05
29059	3	2.457002457002457e-05
10165	3	2.457002457002457e-05
3491	3	2.457002457002457e-05
28880	3	2.457002457002457e-05
9796	3	2.457002457002457e-05
11104	3	2.457002457002457e-05
95	3	2.457002457002457e-05
6097	3	2.457002457002457e-05
5609	3	2.457002457002457e-05
3172	3	2.457002457002457e-05
26793	3	2.457002457002457e-05
2440	3	2.457002457002457e-05
4075	3	2.457002457002457e-05
24070	3	2.457002457002457e-05
23633	3	2.457002457002457e-05
9525	3	2.457002457002457e-05
3038	3	2.457002457002457e-05
25762	3	2.457002457002457e-05
6598	3	2.457002457002457e-05
10268	3	2.457002457002457e-05
23765	3	2.457002457002457e-05
27636	3	2.457002457002457e-05
8021	3	2.457002457002457e-05
21452	3	2.457002457002457e-05
26024	3	2.457002457002457e-05
5079	3	2.457002457002457e-05
4452	3	2.457002457002457e-05
12655	3	2.457002457002457e-05
634	3	2.457002457002457e-05
19878	3	2.457002457002457e-05
10277	3	2.457002457002457e-05
1592	3	2.457002457002457e-05
7875	3	2.457002457002457e-05
13566	3	2.457002457002457e-05
20464	3	2.457002457002457e-05
4654	3	2.457002457002457e-05
20739	3	2.457002457002457e-05
29360	3	2.457002457002457e-05
3035	3	2.457002457002457e-05
10547	3	2.457002457002457e-05
8979	3	2.457002457002457e-05
2151	3	2.457002457002457e-05
22526	3	2.457002457002457e-05
10960	3	2.457002457002457e-05
14830	3	2.457002457002457e-05
17969	3	2.457002457002457e-05
660	3	2.457002457002457e-05
2122	3	2.457002457002457e-05
969	3	2.457002457002457e-05
30684	3	2.457002457002457e-05
29897	3	2.457002457002457e-05
3098	3	2.457002457002457e-05
12173	3	2.457002457002457e-05
2407	3	2.457002457002457e-05
20923	3	2.457002457002457e-05
25558	3	2.457002457002457e-05
12978	3	2.457002457002457e-05
28289	3	2.457002457002457e-05
1986	3	2.457002457002457e-05
22754	3	2.457002457002457e-05
23156	3	2.457002457002457e-05
26006	3	2.457002457002457e-05
10049	3	2.457002457002457e-05
22920	3	2.457002457002457e-05
1488	3	2.457002457002457e-05
2106	3	2.457002457002457e-05
11605	3	2.457002457002457e-05
11665	3	2.457002457002457e-05
4593	3	2.457002457002457e-05
24012	3	2.457002457002457e-05
10017	3	2.457002457002457e-05
11303	3	2.457002457002457e-05
7605	3	2.457002457002457e-05
4134	3	2.457002457002457e-05
1920	3	2.457002457002457e-05
3830	3	2.457002457002457e-05
22938	3	2.457002457002457e-05
120	3	2.457002457002457e-05
177	3	2.457002457002457e-05
23701	3	2.457002457002457e-05
3474	3	2.457002457002457e-05
654	3	2.457002457002457e-05
11013	3	2.457002457002457e-05
17333	3	2.457002457002457e-05
25230	3	2.457002457002457e-05
7199	3	2.457002457002457e-05
15658	3	2.457002457002457e-05
25801	3	2.457002457002457e-05
3829	3	2.457002457002457e-05
2670	3	2.457002457002457e-05
13930	3	2.457002457002457e-05
2960	3	2.457002457002457e-05
420	3	2.457002457002457e-05
1822	3	2.457002457002457e-05
18728	3	2.457002457002457e-05
20796	3	2.457002457002457e-05
10314	3	2.457002457002457e-05
4903	3	2.457002457002457e-05
3448	3	2.457002457002457e-05
27377	3	2.457002457002457e-05
19410	3	2.457002457002457e-05
3639	3	2.457002457002457e-05
1749	3	2.457002457002457e-05
30184	3	2.457002457002457e-05
27431	3	2.457002457002457e-05
23924	3	2.457002457002457e-05
11814	3	2.457002457002457e-05
2508	3	2.457002457002457e-05
14983	3	2.457002457002457e-05
10379	3	2.457002457002457e-05
21480	3	2.457002457002457e-05
16890	3	2.457002457002457e-05
29881	3	2.457002457002457e-05
14973	3	2.457002457002457e-05
3819	3	2.457002457002457e-05
17604	3	2.457002457002457e-05
6174	3	2.457002457002457e-05
8447	2	1.638001638001638e-05
4190	2	1.638001638001638e-05
5663	2	1.638001638001638e-05
17851	2	1.638001638001638e-05
4522	2	1.638001638001638e-05
9728	2	1.638001638001638e-05
23435	2	1.638001638001638e-05
14239	2	1.638001638001638e-05
10124	2	1.638001638001638e-05
24258	2	1.638001638001638e-05
6562	2	1.638001638001638e-05
2114	2	1.638001638001638e-05
2522	2	1.638001638001638e-05
14998	2	1.638001638001638e-05
5964	2	1.638001638001638e-05
20633	2	1.638001638001638e-05
2013	2	1.638001638001638e-05
11079	2	1.638001638001638e-05
4180	2	1.638001638001638e-05
5617	2	1.638001638001638e-05
26953	2	1.638001638001638e-05
1288	2	1.638001638001638e-05
4027	2	1.638001638001638e-05
5815	2	1.638001638001638e-05
22501	2	1.638001638001638e-05
8857	2	1.638001638001638e-05
9540	2	1.638001638001638e-05
19660	2	1.638001638001638e-05
243	2	1.638001638001638e-05
5069	2	1.638001638001638e-05
19787	2	1.638001638001638e-05
17147	2	1.638001638001638e-05
10254	2	1.638001638001638e-05
20793	2	1.638001638001638e-05
6492	2	1.638001638001638e-05
29810	2	1.638001638001638e-05
2652	2	1.638001638001638e-05
20605	2	1.638001638001638e-05
13463	2	1.638001638001638e-05
22183	2	1.638001638001638e-05
285	2	1.638001638001638e-05
17169	2	1.638001638001638e-05
55	2	1.638001638001638e-05
14389	2	1.638001638001638e-05
30519	2	1.638001638001638e-05
13256	2	1.638001638001638e-05
25126	2	1.638001638001638e-05
15682	2	1.638001638001638e-05
30674	2	1.638001638001638e-05
22758	2	1.638001638001638e-05
10704	2	1.638001638001638e-05
25877	2	1.638001638001638e-05
19296	2	1.638001638001638e-05
3001	2	1.638001638001638e-05
12620	2	1.638001638001638e-05
9307	2	1.638001638001638e-05
18722	2	1.638001638001638e-05
2070	2	1.638001638001638e-05
3275	2	1.638001638001638e-05
437	2	1.638001638001638e-05
270	2	1.638001638001638e-05
18222	2	1.638001638001638e-05
4573	2	1.638001638001638e-05
19690	2	1.638001638001638e-05
13730	2	1.638001638001638e-05
1748	2	1.638001638001638e-05
4845	2	1.638001638001638e-05
17010	2	1.638001638001638e-05
4259	2	1.638001638001638e-05
12399	2	1.638001638001638e-05
7445	2	1.638001638001638e-05
114	2	1.638001638001638e-05
623	2	1.638001638001638e-05
3567	2	1.638001638001638e-05
7921	2	1.638001638001638e-05
18492	2	1.638001638001638e-05
7360	2	1.638001638001638e-05
8950	2	1.638001638001638e-05
21591	2	1.638001638001638e-05
28847	2	1.638001638001638e-05
2397	2	1.638001638001638e-05
6800	2	1.638001638001638e-05
10557	2	1.638001638001638e-05
13490	2	1.638001638001638e-05
28350	2	1.638001638001638e-05
27574	2	1.638001638001638e-05
13821	2	1.638001638001638e-05
921	2	1.638001638001638e-05
11902	2	1.638001638001638e-05
1829	2	1.638001638001638e-05
4212	2	1.638001638001638e-05
3318	2	1.638001638001638e-05
15391	2	1.638001638001638e-05
7968	2	1.638001638001638e-05
29758	2	1.638001638001638e-05
24656	2	1.638001638001638e-05
21484	2	1.638001638001638e-05
692	2	1.638001638001638e-05
5996	2	1.638001638001638e-05
6891	2	1.638001638001638e-05
15028	2	1.638001638001638e-05
18093	2	1.638001638001638e-05
11140	2	1.638001638001638e-05
716	2	1.638001638001638e-05
9855	2	1.638001638001638e-05
3739	2	1.638001638001638e-05
4612	2	1.638001638001638e-05
28746	2	1.638001638001638e-05
6128	2	1.638001638001638e-05
1022	2	1.638001638001638e-05
28540	2	1.638001638001638e-05
13077	2	1.638001638001638e-05
24438	2	1.638001638001638e-05
19672	2	1.638001638001638e-05
12652	2	1.638001638001638e-05
5702	2	1.638001638001638e-05
4894	2	1.638001638001638e-05
11712	2	1.638001638001638e-05
21791	2	1.638001638001638e-05
2791	2	1.638001638001638e-05
26060	2	1.638001638001638e-05
2307	2	1.638001638001638e-05
7975	2	1.638001638001638e-05
17227	2	1.638001638001638e-05
14640	2	1.638001638001638e-05
30563	2	1.638001638001638e-05
10480	2	1.638001638001638e-05
14376	2	1.638001638001638e-05
15173	2	1.638001638001638e-05
5401	2	1.638001638001638e-05
9847	2	1.638001638001638e-05
10908	2	1.638001638001638e-05
16624	2	1.638001638001638e-05
10025	2	1.638001638001638e-05
19541	2	1.638001638001638e-05
1353	2	1.638001638001638e-05
11305	2	1.638001638001638e-05
317	2	1.638001638001638e-05
4045	2	1.638001638001638e-05
15536	2	1.638001638001638e-05
295	2	1.638001638001638e-05
8104	2	1.638001638001638e-05
5298	2	1.638001638001638e-05
9676	2	1.638001638001638e-05
8199	2	1.638001638001638e-05
10961	2	1.638001638001638e-05
4940	2	1.638001638001638e-05
5747	2	1.638001638001638e-05
22167	2	1.638001638001638e-05
4046	2	1.638001638001638e-05
26291	2	1.638001638001638e-05
29940	2	1.638001638001638e-05
9575	2	1.638001638001638e-05
12723	2	1.638001638001638e-05
26205	2	1.638001638001638e-05
76	2	1.638001638001638e-05
3954	2	1.638001638001638e-05
3886	2	1.638001638001638e-05
22735	2	1.638001638001638e-05
9486	2	1.638001638001638e-05
12927	2	1.638001638001638e-05
328	2	1.638001638001638e-05
24025	2	1.638001638001638e-05
10629	2	1.638001638001638e-05
16114	2	1.638001638001638e-05
18501	2	1.638001638001638e-05
12443	2	1.638001638001638e-05
25647	2	1.638001638001638e-05
13224	2	1.638001638001638e-05
10563	2	1.638001638001638e-05
2001	2	1.638001638001638e-05
7908	2	1.638001638001638e-05
3259	2	1.638001638001638e-05
12894	2	1.638001638001638e-05
17469	2	1.638001638001638e-05
8019	2	1.638001638001638e-05
23332	2	1.638001638001638e-05
4576	2	1.638001638001638e-05
3307	2	1.638001638001638e-05
9956	2	1.638001638001638e-05
6757	2	1.638001638001638e-05
3573	2	1.638001638001638e-05
22134	2	1.638001638001638e-05
9360	2	1.638001638001638e-05
13494	2	1.638001638001638e-05
2686	2	1.638001638001638e-05
23320	2	1.638001638001638e-05
6053	2	1.638001638001638e-05
3450	2	1.638001638001638e-05
13308	2	1.638001638001638e-05
10616	2	1.638001638001638e-05
27485	2	1.638001638001638e-05
15555	2	1.638001638001638e-05
22704	2	1.638001638001638e-05
29300	2	1.638001638001638e-05
1012	2	1.638001638001638e-05
1935	2	1.638001638001638e-05
8923	2	1.638001638001638e-05
7363	2	1.638001638001638e-05
29933	2	1.638001638001638e-05
10404	2	1.638001638001638e-05
26493	2	1.638001638001638e-05
24782	2	1.638001638001638e-05
11274	2	1.638001638001638e-05
22643	2	1.638001638001638e-05
2391	2	1.638001638001638e-05
3246	2	1.638001638001638e-05
7774	2	1.638001638001638e-05
1144	2	1.638001638001638e-05
27577	2	1.638001638001638e-05
4465	2	1.638001638001638e-05
5438	2	1.638001638001638e-05
8659	2	1.638001638001638e-05
6499	2	1.638001638001638e-05
20485	2	1.638001638001638e-05
3965	2	1.638001638001638e-05
20720	2	1.638001638001638e-05
11550	2	1.638001638001638e-05
2471	2	1.638001638001638e-05
5733	2	1.638001638001638e-05
23906	2	1.638001638001638e-05
7415	2	1.638001638001638e-05
21071	2	1.638001638001638e-05
3159	2	1.638001638001638e-05
15974	2	1.638001638001638e-05
7837	2	1.638001638001638e-05
1726	2	1.638001638001638e-05
5145	2	1.638001638001638e-05
10329	2	1.638001638001638e-05
12971	2	1.638001638001638e-05
3735	2	1.638001638001638e-05
21568	2	1.638001638001638e-05
171	2	1.638001638001638e-05
1906	2	1.638001638001638e-05
6266	2	1.638001638001638e-05
3833	2	1.638001638001638e-05
803	2	1.638001638001638e-05
20813	2	1.638001638001638e-05
16319	2	1.638001638001638e-05
1396	2	1.638001638001638e-05
501	2	1.638001638001638e-05
3494	2	1.638001638001638e-05
14936	2	1.638001638001638e-05
24944	2	1.638001638001638e-05
13775	2	1.638001638001638e-05
2164	2	1.638001638001638e-05
6654	2	1.638001638001638e-05
29905	2	1.638001638001638e-05
16754	2	1.638001638001638e-05
369	2	1.638001638001638e-05
20213	2	1.638001638001638e-05
12203	2	1.638001638001638e-05
3473	2	1.638001638001638e-05
19439	2	1.638001638001638e-05
24763	2	1.638001638001638e-05
12767	2	1.638001638001638e-05
24053	2	1.638001638001638e-05
12946	2	1.638001638001638e-05
16751	2	1.638001638001638e-05
12042	2	1.638001638001638e-05
23106	2	1.638001638001638e-05
9484	2	1.638001638001638e-05
8326	2	1.638001638001638e-05
23698	2	1.638001638001638e-05
22882	2	1.638001638001638e-05
23714	2	1.638001638001638e-05
19686	2	1.638001638001638e-05
6126	2	1.638001638001638e-05
3867	1	8.19000819000819e-06
15563	1	8.19000819000819e-06
15122	1	8.19000819000819e-06
7038	1	8.19000819000819e-06
20121	1	8.19000819000819e-06
1558	1	8.19000819000819e-06
16077	1	8.19000819000819e-06
6190	1	8.19000819000819e-06
24658	1	8.19000819000819e-06
25578	1	8.19000819000819e-06
842	1	8.19000819000819e-06
3162	1	8.19000819000819e-06
8566	1	8.19000819000819e-06
11962	1	8.19000819000819e-06
14914	1	8.19000819000819e-06
10771	1	8.19000819000819e-06
3134	1	8.19000819000819e-06
23676	1	8.19000819000819e-06
841	1	8.19000819000819e-06
12801	1	8.19000819000819e-06
4915	1	8.19000819000819e-06
3201	1	8.19000819000819e-06
525	1	8.19000819000819e-06
19977	1	8.19000819000819e-06
3090	1	8.19000819000819e-06
8319	1	8.19000819000819e-06
19902	1	8.19000819000819e-06
413	1	8.19000819000819e-06
13535	1	8.19000819000819e-06
10669	1	8.19000819000819e-06
13547	1	8.19000819000819e-06
25364	1	8.19000819000819e-06
77	1	8.19000819000819e-06
4760	1	8.19000819000819e-06
18908	1	8.19000819000819e-06
17895	1	8.19000819000819e-06
8853	1	8.19000819000819e-06
10554	1	8.19000819000819e-06
24036	1	8.19000819000819e-06
9902	1	8.19000819000819e-06
2556	1	8.19000819000819e-06
1304	1	8.19000819000819e-06
6984	1	8.19000819000819e-06
3399	1	8.19000819000819e-06
29464	1	8.19000819000819e-06
5192	1	8.19000819000819e-06
22800	1	8.19000819000819e-06
26659	1	8.19000819000819e-06
11183	1	8.19000819000819e-06
561	1	8.19000819000819e-06
13406	1	8.19000819000819e-06
26401	1	8.19000819000819e-06
22380	1	8.19000819000819e-06
895	1	8.19000819000819e-06
14227	1	8.19000819000819e-06
18979	1	8.19000819000819e-06
15662	1	8.19000819000819e-06
1573	1	8.19000819000819e-06
3744	1	8.19000819000819e-06
2876	1	8.19000819000819e-06
973	1	8.19000819000819e-06
431	1	8.19000819000819e-06
21405	1	8.19000819000819e-06
3788	1	8.19000819000819e-06
23247	1	8.19000819000819e-06
8728	1	8.19000819000819e-06
17278	1	8.19000819000819e-06
9230	1	8.19000819000819e-06
18430	1	8.19000819000819e-06
3228	1	8.19000819000819e-06
7230	1	8.19000819000819e-06
5817	1	8.19000819000819e-06
11531	1	8.19000819000819e-06
6794	1	8.19000819000819e-06
5681	1	8.19000819000819e-06
529	1	8.19000819000819e-06
10262	1	8.19000819000819e-06
6833	1	8.19000819000819e-06
7775	1	8.19000819000819e-06
10917	1	8.19000819000819e-06
3153	1	8.19000819000819e-06
15290	1	8.19000819000819e-06
5905	1	8.19000819000819e-06
25070	1	8.19000819000819e-06
30340	1	8.19000819000819e-06
3251	1	8.19000819000819e-06
11454	1	8.19000819000819e-06
3008	1	8.19000819000819e-06
8493	1	8.19000819000819e-06
3113	1	8.19000819000819e-06
13789	1	8.19000819000819e-06
21842	1	8.19000819000819e-06
3772	1	8.19000819000819e-06
5165	1	8.19000819000819e-06
1752	1	8.19000819000819e-06
453	1	8.19000819000819e-06
14358	1	8.19000819000819e-06
4769	1	8.19000819000819e-06
14805	1	8.19000819000819e-06
12220	1	8.19000819000819e-06
1131	1	8.19000819000819e-06
27626	1	8.19000819000819e-06
26799	1	8.19000819000819e-06
6010	1	8.19000819000819e-06
10992	1	8.19000819000819e-06
16400	1	8.19000819000819e-06
5410	1	8.19000819000819e-06
26211	1	8.19000819000819e-06
22144	1	8.19000819000819e-06
12802	1	8.19000819000819e-06
8261	1	8.19000819000819e-06
2405	1	8.19000819000819e-06
6676	1	8.19000819000819e-06
3396	1	8.19000819000819e-06
1363	1	8.19000819000819e-06
13446	1	8.19000819000819e-06
27957	1	8.19000819000819e-06
1205	1	8.19000819000819e-06
27410	1	8.19000819000819e-06
14028	1	8.19000819000819e-06
569	1	8.19000819000819e-06
4895	1	8.19000819000819e-06
5544	1	8.19000819000819e-06
8695	1	8.19000819000819e-06
22342	1	8.19000819000819e-06
1052	1	8.19000819000819e-06
21247	1	8.19000819000819e-06
3351	1	8.19000819000819e-06
19951	1	8.19000819000819e-06
13791	1	8.19000819000819e-06
3853	1	8.19000819000819e-06
508	1	8.19000819000819e-06
2044	1	8.19000819000819e-06
12039	1	8.19000819000819e-06
5785	1	8.19000819000819e-06
19993	1	8.19000819000819e-06
5530	1	8.19000819000819e-06
30279	1	8.19000819000819e-06
2373	1	8.19000819000819e-06
28494	1	8.19000819000819e-06
6285	1	8.19000819000819e-06
27201	1	8.19000819000819e-06
25432	1	8.19000819000819e-06
28843	1	8.19000819000819e-06
17089	1	8.19000819000819e-06
3372	1	8.19000819000819e-06
537	1	8.19000819000819e-06
19367	1	8.19000819000819e-06
17088	1	8.19000819000819e-06
11481	1	8.19000819000819e-06
21833	1	8.19000819000819e-06
6876	1	8.19000819000819e-06
17488	1	8.19000819000819e-06
2206	1	8.19000819000819e-06
12349	1	8.19000819000819e-06
17961	1	8.19000819000819e-06
447	1	8.19000819000819e-06
13680	1	8.19000819000819e-06
18480	1	8.19000819000819e-06
5753	1	8.19000819000819e-06
2948	1	8.19000819000819e-06
28596	1	8.19000819000819e-06
16833	1	8.19000819000819e-06
1493	1	8.19000819000819e-06
7253	1	8.19000819000819e-06
1351	1	8.19000819000819e-06
406	1	8.19000819000819e-06
11689	1	8.19000819000819e-06
25208	1	8.19000819000819e-06
23963	1	8.19000819000819e-06
9152	1	8.19000819000819e-06
9782	1	8.19000819000819e-06
27513	1	8.19000819000819e-06
21528	1	8.19000819000819e-06
21387	1	8.19000819000819e-06
2684	1	8.19000819000819e-06
929	1	8.19000819000819e-06
373	1	8.19000819000819e-06
7782	1	8.19000819000819e-06
11915	1	8.19000819000819e-06
21043	1	8.19000819000819e-06
7886	1	8.19000819000819e-06
10466	1	8.19000819000819e-06
24641	1	8.19000819000819e-06
2515	1	8.19000819000819e-06
12710	1	8.19000819000819e-06
11110	1	8.19000819000819e-06
14210	1	8.19000819000819e-06
9896	1	8.19000819000819e-06
3202	1	8.19000819000819e-06
8469	1	8.19000819000819e-06
15539	1	8.19000819000819e-06
10253	1	8.19000819000819e-06
3905	1	8.19000819000819e-06
22385	1	8.19000819000819e-06
11802	1	8.19000819000819e-06
17026	1	8.19000819000819e-06
12036	1	8.19000819000819e-06
4933	1	8.19000819000819e-06
21183	1	8.19000819000819e-06
7735	1	8.19000819000819e-06
12693	1	8.19000819000819e-06
20686	1	8.19000819000819e-06
28200	1	8.19000819000819e-06
1450	1	8.19000819000819e-06
7272	1	8.19000819000819e-06
12846	1	8.19000819000819e-06
15638	1	8.19000819000819e-06
14360	1	8.19000819000819e-06
4500	1	8.19000819000819e-06
12560	1	8.19000819000819e-06
19287	1	8.19000819000819e-06
12685	1	8.19000819000819e-06
7081	1	8.19000819000819e-06
8938	1	8.19000819000819e-06
1788	1	8.19000819000819e-06
14865	1	8.19000819000819e-06
30241	1	8.19000819000819e-06
18113	1	8.19000819000819e-06
1237	1	8.19000819000819e-06
17403	1	8.19000819000819e-06
4881	1	8.19000819000819e-06
12032	1	8.19000819000819e-06
2049	1	8.19000819000819e-06
20190	1	8.19000819000819e-06
7417	1	8.19000819000819e-06
10412	1	8.19000819000819e-06
1849	1	8.19000819000819e-06
23092	1	8.19000819000819e-06
2940	1	8.19000819000819e-06
9443	1	8.19000819000819e-06
19590	1	8.19000819000819e-06
22329	1	8.19000819000819e-06
11018	1	8.19000819000819e-06
4288	1	8.19000819000819e-06
13564	1	8.19000819000819e-06
22470	1	8.19000819000819e-06
743	1	8.19000819000819e-06
16430	1	8.19000819000819e-06
24736	1	8.19000819000819e-06
12863	1	8.19000819000819e-06
12341	1	8.19000819000819e-06
4172	1	8.19000819000819e-06
4656	1	8.19000819000819e-06
5054	1	8.19000819000819e-06
3472	1	8.19000819000819e-06
22269	1	8.19000819000819e-06
814	1	8.19000819000819e-06
5050	1	8.19000819000819e-06
13413	1	8.19000819000819e-06
12094	1	8.19000819000819e-06
3244	1	8.19000819000819e-06
6342	1	8.19000819000819e-06
19569	1	8.19000819000819e-06
7861	1	8.19000819000819e-06
9336	1	8.19000819000819e-06
22981	1	8.19000819000819e-06
10893	1	8.19000819000819e-06
15155	1	8.19000819000819e-06
24366	1	8.19000819000819e-06
9920	1	8.19000819000819e-06
11586	1	8.19000819000819e-06
16419	1	8.19000819000819e-06
10245	1	8.19000819000819e-06
5774	1	8.19000819000819e-06
9013	1	8.19000819000819e-06
29969	1	8.19000819000819e-06
4559	1	8.19000819000819e-06
5068	1	8.19000819000819e-06
11421	1	8.19000819000819e-06
18782	1	8.19000819000819e-06
16981	1	8.19000819000819e-06
26843	1	8.19000819000819e-06
20507	1	8.19000819000819e-06
25096	1	8.19000819000819e-06
2278	1	8.19000819000819e-06
22940	1	8.19000819000819e-06
6759	1	8.19000819000819e-06
5771	1	8.19000819000819e-06
9544	1	8.19000819000819e-06
17001	1	8.19000819000819e-06
3792	1	8.19000819000819e-06
8935	1	8.19000819000819e-06
19930	1	8.19000819000819e-06
26114	1	8.19000819000819e-06
21135	1	8.19000819000819e-06
21255	1	8.19000819000819e-06
17484	1	8.19000819000819e-06
10321	1	8.19000819000819e-06
10632	1	8.19000819000819e-06
9256	1	8.19000819000819e-06
15452	1	8.19000819000819e-06
6387	1	8.19000819000819e-06
25367	1	8.19000819000819e-06
20225	1	8.19000819000819e-06
1252	1	8.19000819000819e-06
15017	1	8.19000819000819e-06
1011	1	8.19000819000819e-06
11764	1	8.19000819000819e-06
19291	1	8.19000819000819e-06
29986	1	8.19000819000819e-06
4074	1	8.19000819000819e-06
9792	1	8.19000819000819e-06
27934	1	8.19000819000819e-06
2859	1	8.19000819000819e-06
2540	1	8.19000819000819e-06
2123	1	8.19000819000819e-06
16157	1	8.19000819000819e-06
23040	1	8.19000819000819e-06
4507	1	8.19000819000819e-06
7040	1	8.19000819000819e-06
17727	1	8.19000819000819e-06
2121	1	8.19000819000819e-06
15800	1	8.19000819000819e-06
8110	1	8.19000819000819e-06
26805	1	8.19000819000819e-06
11477	1	8.19000819000819e-06
607	1	8.19000819000819e-06
1358	1	8.19000819000819e-06
9196	1	8.19000819000819e-06
3737	1	8.19000819000819e-06
2826	1	8.19000819000819e-06
13115	1	8.19000819000819e-06
7664	1	8.19000819000819e-06
6407	1	8.19000819000819e-06
19935	1	8.19000819000819e-06
617	1	8.19000819000819e-06
9721	1	8.19000819000819e-06
19674	1	8.19000819000819e-06
2243	1	8.19000819000819e-06
16398	1	8.19000819000819e-06
17119	1	8.19000819000819e-06
4419	1	8.19000819000819e-06
7465	1	8.19000819000819e-06
3958	1	8.19000819000819e-06
12303	1	8.19000819000819e-06
19164	1	8.19000819000819e-06
25093	1	8.19000819000819e-06
7890	1	8.19000819000819e-06
4338	1	8.19000819000819e-06
28687	1	8.19000819000819e-06
16993	1	8.19000819000819e-06
2006	1	8.19000819000819e-06
1183	1	8.19000819000819e-06
25919	1	8.19000819000819e-06
17211	1	8.19000819000819e-06
12209	1	8.19000819000819e-06
10298	1	8.19000819000819e-06
9573	1	8.19000819000819e-06
6317	1	8.19000819000819e-06
12764	1	8.19000819000819e-06
15273	1	8.19000819000819e-06
2624	1	8.19000819000819e-06
27214	1	8.19000819000819e-06
1386	1	8.19000819000819e-06
19252	1	8.19000819000819e-06
6094	1	8.19000819000819e-06
6600	1	8.19000819000819e-06
14179	1	8.19000819000819e-06
6394	1	8.19000819000819e-06
17220	1	8.19000819000819e-06
27111	1	8.19000819000819e-06
15529	1	8.19000819000819e-06
3534	1	8.19000819000819e-06
7361	1	8.19000819000819e-06
5881	1	8.19000819000819e-06
28751	1	8.19000819000819e-06
16920	1	8.19000819000819e-06
15597	1	8.19000819000819e-06
4260	1	8.19000819000819e-06
10002	1	8.19000819000819e-06
9622	1	8.19000819000819e-06
2084	1	8.19000819000819e-06
1764	1	8.19000819000819e-06
4747	1	8.19000819000819e-06
11163	1	8.19000819000819e-06
4585	1	8.19000819000819e-06
5859	1	8.19000819000819e-06
29248	1	8.19000819000819e-06
13473	1	8.19000819000819e-06
4479	1	8.19000819000819e-06
8906	1	8.19000819000819e-06
18781	1	8.19000819000819e-06
3571	1	8.19000819000819e-06
3195	1	8.19000819000819e-06
26099	1	8.19000819000819e-06
2745	1	8.19000819000819e-06
4700	1	8.19000819000819e-06
24024	1	8.19000819000819e-06
2741	1	8.19000819000819e-06
8550	1	8.19000819000819e-06
1437	1	8.19000819000819e-06
18289	1	8.19000819000819e-06
863	1	8.19000819000819e-06
3176	1	8.19000819000819e-06
25974	1	8.19000819000819e-06
3378	1	8.19000819000819e-06
27405	1	8.19000819000819e-06
663	1	8.19000819000819e-06
30075	1	8.19000819000819e-06
28375	1	8.19000819000819e-06
2971	1	8.19000819000819e-06
19236	1	8.19000819000819e-06
12774	1	8.19000819000819e-06
372	1	8.19000819000819e-06
527	1	8.19000819000819e-06
21719	1	8.19000819000819e-06
15471	1	8.19000819000819e-06
16084	1	8.19000819000819e-06
14909	1	8.19000819000819e-06
14975	1	8.19000819000819e-06
27429	1	8.19000819000819e-06
3204	1	8.19000819000819e-06
112	1	8.19000819000819e-06
13521	1	8.19000819000819e-06
10702	1	8.19000819000819e-06
2088	1	8.19000819000819e-06
13178	1	8.19000819000819e-06
25662	1	8.19000819000819e-06
6330	1	8.19000819000819e-06
15371	1	8.19000819000819e-06
17121	1	8.19000819000819e-06
9366	1	8.19000819000819e-06
2182	1	8.19000819000819e-06
5212	1	8.19000819000819e-06
24660	1	8.19000819000819e-06
762	1	8.19000819000819e-06
12659	1	8.19000819000819e-06
16661	1	8.19000819000819e-06
15293	1	8.19000819000819e-06
6367	1	8.19000819000819e-06
18213	1	8.19000819000819e-06
5334	1	8.19000819000819e-06
18363	1	8.19000819000819e-06
6425	1	8.19000819000819e-06
701	1	8.19000819000819e-06
1276	1	8.19000819000819e-06
3088	1	8.19000819000819e-06
2032	1	8.19000819000819e-06
4318	1	8.19000819000819e-06
1733	1	8.19000819000819e-06
15198	1	8.19000819000819e-06
16197	1	8.19000819000819e-06
2650	1	8.19000819000819e-06
5848	1	8.19000819000819e-06
29651	1	8.19000819000819e-06
15372	1	8.19000819000819e-06
24741	1	8.19000819000819e-06
6469	1	8.19000819000819e-06
9280	1	8.19000819000819e-06
22089	1	8.19000819000819e-06
8337	1	8.19000819000819e-06
7656	1	8.19000819000819e-06
603	1	8.19000819000819e-06
1678	1	8.19000819000819e-06
330	1	8.19000819000819e-06
3747	1	8.19000819000819e-06
14025	1	8.19000819000819e-06
19301	1	8.19000819000819e-06
6626	1	8.19000819000819e-06
18838	1	8.19000819000819e-06
6932	1	8.19000819000819e-06
3707	1	8.19000819000819e-06
13831	1	8.19000819000819e-06
2573	1	8.19000819000819e-06
28156	1	8.19000819000819e-06
12251	1	8.19000819000819e-06
1687	1	8.19000819000819e-06
6087	1	8.19000819000819e-06
6303	1	8.19000819000819e-06
19104	1	8.19000819000819e-06
18249	1	8.19000819000819e-06
1369	1	8.19000819000819e-06
23984	1	8.19000819000819e-06
10068	1	8.19000819000819e-06
15637	1	8.19000819000819e-06
14075	1	8.19000819000819e-06
5041	1	8.19000819000819e-06
24848	1	8.19000819000819e-06
2804	1	8.19000819000819e-06
10784	1	8.19000819000819e-06
14538	1	8.19000819000819e-06
14981	1	8.19000819000819e-06
18733	1	8.19000819000819e-06
14185	1	8.19000819000819e-06
3393	1	8.19000819000819e-06
14346	1	8.19000819000819e-06
2860	1	8.19000819000819e-06
259	1	8.19000819000819e-06
1840	1	8.19000819000819e-06
2138	1	8.19000819000819e-06
6353	1	8.19000819000819e-06
5287	1	8.19000819000819e-06
14828	1	8.19000819000819e-06
2356	1	8.19000819000819e-06
17368	1	8.19000819000819e-06
2141	1	8.19000819000819e-06
20413	1	8.19000819000819e-06
2572	1	8.19000819000819e-06
9361	1	8.19000819000819e-06
30342	1	8.19000819000819e-06
9324	1	8.19000819000819e-06
6088	1	8.19000819000819e-06
15269	1	8.19000819000819e-06
25707	1	8.19000819000819e-06
2211	1	8.19000819000819e-06
26295	1	8.19000819000819e-06
26077	1	8.19000819000819e-06
1685	1	8.19000819000819e-06
26113	1	8.19000819000819e-06
12004	1	8.19000819000819e-06
27744	1	8.19000819000819e-06
9409	1	8.19000819000819e-06
24448	1	8.19000819000819e-06
5430	1	8.19000819000819e-06
11400	1	8.19000819000819e-06
12820	1	8.19000819000819e-06
2381	1	8.19000819000819e-06
1776	1	8.19000819000819e-06
8583	1	8.19000819000819e-06
5567	1	8.19000819000819e-06
3063	1	8.19000819000819e-06
8970	1	8.19000819000819e-06
7087	1	8.19000819000819e-06
6950	1	8.19000819000819e-06
29178	1	8.19000819000819e-06
7838	1	8.19000819000819e-06
1854	1	8.19000819000819e-06
18241	1	8.19000819000819e-06
6075	1	8.19000819000819e-06
7097	1	8.19000819000819e-06
29197	1	8.19000819000819e-06
28989	1	8.19000819000819e-06
14984	1	8.19000819000819e-06
23291	1	8.19000819000819e-06
7662	1	8.19000819000819e-06
4505	1	8.19000819000819e-06
5188	1	8.19000819000819e-06
12995	1	8.19000819000819e-06
4981	1	8.19000819000819e-06
9766	1	8.19000819000819e-06
2443	1	8.19000819000819e-06
18925	1	8.19000819000819e-06
18130	1	8.19000819000819e-06
3919	1	8.19000819000819e-06
24121	1	8.19000819000819e-06
6306	1	8.19000819000819e-06
2485	1	8.19000819000819e-06
24548	1	8.19000819000819e-06
11936	1	8.19000819000819e-06
12366	1	8.19000819000819e-06
30398	1	8.19000819000819e-06
26736	1	8.19000819000819e-06
25112	1	8.19000819000819e-06
16250	1	8.19000819000819e-06
19124	1	8.19000819000819e-06
8915	1	8.19000819000819e-06
7264	1	8.19000819000819e-06
6265	1	8.19000819000819e-06
1596	1	8.19000819000819e-06
5226	1	8.19000819000819e-06
8959	1	8.19000819000819e-06
6223	1	8.19000819000819e-06
1640	1	8.19000819000819e-06
1763	1	8.19000819000819e-06
28210	1	8.19000819000819e-06
8186	1	8.19000819000819e-06
15651	1	8.19000819000819e-06
981	1	8.19000819000819e-06
19024	1	8.19000819000819e-06
29064	1	8.19000819000819e-06
5168	1	8.19000819000819e-06
246	1	8.19000819000819e-06
24554	1	8.19000819000819e-06
29489	1	8.19000819000819e-06
5793	1	8.19000819000819e-06
16440	1	8.19000819000819e-06
3909	1	8.19000819000819e-06
10840	1	8.19000819000819e-06
2734	1	8.19000819000819e-06
875	1	8.19000819000819e-06
5370	1	8.19000819000819e-06
162	1	8.19000819000819e-06
13686	1	8.19000819000819e-06
2406	1	8.19000819000819e-06
21304	1	8.19000819000819e-06
3911	1	8.19000819000819e-06
9254	1	8.19000819000819e-06
2973	1	8.19000819000819e-06
4168	1	8.19000819000819e-06
27820	1	8.19000819000819e-06
2201	1	8.19000819000819e-06
5465	1	8.19000819000819e-06
7706	1	8.19000819000819e-06
11759	1	8.19000819000819e-06
611	1	8.19000819000819e-06
2702	1	8.19000819000819e-06
2176	1	8.19000819000819e-06
12234	1	8.19000819000819e-06
26326	1	8.19000819000819e-06
10108	1	8.19000819000819e-06
21367	1	8.19000819000819e-06
4497	1	8.19000819000819e-06
5856	1	8.19000819000819e-06
28072	1	8.19000819000819e-06
2524	1	8.19000819000819e-06
9442	1	8.19000819000819e-06
19774	1	8.19000819000819e-06
29611	1	8.19000819000819e-06
6854	1	8.19000819000819e-06
12023	1	8.19000819000819e-06
14204	1	8.19000819000819e-06
10034	1	8.19000819000819e-06
3483	1	8.19000819000819e-06
2965	1	8.19000819000819e-06
5248	1	8.19000819000819e-06
11384	1	8.19000819000819e-06
1361	1	8.19000819000819e-06
6970	1	8.19000819000819e-06
23198	1	8.19000819000819e-06
5834	1	8.19000819000819e-06
1869	1	8.19000819000819e-06
16445	1	8.19000819000819e-06
15004	1	8.19000819000819e-06
21315	1	8.19000819000819e-06
11620	1	8.19000819000819e-06
15450	1	8.19000819000819e-06
7490	1	8.19000819000819e-06
795	1	8.19000819000819e-06
1033	1	8.19000819000819e-06
1266	1	8.19000819000819e-06
5561	1	8.19000819000819e-06
28933	1	8.19000819000819e-06
9373	1	8.19000819000819e-06
17095	1	8.19000819000819e-06
8548	1	8.19000819000819e-06
15061	1	8.19000819000819e-06
15237	1	8.19000819000819e-06
9527	1	8.19000819000819e-06
17003	1	8.19000819000819e-06
6461	1	8.19000819000819e-06
11517	1	8.19000819000819e-06
28068	1	8.19000819000819e-06
6964	1	8.19000819000819e-06
6753	1	8.19000819000819e-06
3933	1	8.19000819000819e-06
7335	1	8.19000819000819e-06
8234	1	8.19000819000819e-06
13519	1	8.19000819000819e-06
26311	1	8.19000819000819e-06
18936	1	8.19000819000819e-06
11200	1	8.19000819000819e-06
29827	1	8.19000819000819e-06
6151	1	8.19000819000819e-06
10153	1	8.19000819000819e-06
6023	1	8.19000819000819e-06
26847	1	8.19000819000819e-06
23172	1	8.19000819000819e-06
9539	1	8.19000819000819e-06
10820	1	8.19000819000819e-06
1591	1	8.19000819000819e-06
9704	1	8.19000819000819e-06
2357	1	8.19000819000819e-06
13108	1	8.19000819000819e-06
6844	1	8.19000819000819e-06
23361	1	8.19000819000819e-06
3868	1	8.19000819000819e-06
5667	1	8.19000819000819e-06
25597	1	8.19000819000819e-06
18499	1	8.19000819000819e-06
2726	1	8.19000819000819e-06
873	1	8.19000819000819e-06
2283	1	8.19000819000819e-06
17878	1	8.19000819000819e-06
1508	1	8.19000819000819e-06
20814	1	8.19000819000819e-06
16041	1	8.19000819000819e-06
25761	1	8.19000819000819e-06
12925	1	8.19000819000819e-06
27769	1	8.19000819000819e-06
20828	1	8.19000819000819e-06
15727	1	8.19000819000819e-06
29038	1	8.19000819000819e-06
18203	1	8.19000819000819e-06
1882	1	8.19000819000819e-06
8654	1	8.19000819000819e-06
25807	1	8.19000819000819e-06
12769	1	8.19000819000819e-06
9816	1	8.19000819000819e-06
768	1	8.19000819000819e-06
626	1	8.19000819000819e-06
13978	1	8.19000819000819e-06
15311	1	8.19000819000819e-06
2579	1	8.19000819000819e-06
6074	1	8.19000819000819e-06
5844	1	8.19000819000819e-06
6329	1	8.19000819000819e-06
27108	1	8.19000819000819e-06
25966	1	8.19000819000819e-06
21102	1	8.19000819000819e-06
10663	1	8.19000819000819e-06
1227	1	8.19000819000819e-06
1417	1	8.19000819000819e-06
9389	1	8.19000819000819e-06
