8438	4003	0.021507629486352892
29525	3812	0.02048140984311197
11535	3303	0.017746615087040618
29616	2845	0.015285837094347733
28236	2763	0.014845261121856867
7863	2733	0.014684074790457769
11601	2533	0.01360949924779712
19370	2495	0.013405329894691597
25472	2462	0.01322802493015259
17890	2394	0.01286266924564797
3425	2340	0.012572533849129593
891	2324	0.012486567805716742
15622	2261	0.012148076509778637
2320	2198	0.011809585213840533
1301	2095	0.011256178809370299
1220	2002	0.010756501182033097
6603	1937	0.010407264130668385
21363	1930	0.010369653986675264
25617	1903	0.010224586288416075
5270	1900	0.010208467655276166
4488	1877	0.01008489146787019
16276	1841	0.009891467870191274
18484	1804	0.009692671394799054
2704	1785	0.009590586718246292
1612	1756	0.009434773264560499
18357	1698	0.00912314635718891
15047	1689	0.009074790457769181
2914	1655	0.00889211261551687
9515	1635	0.008784655061250805
3496	1557	0.008365570599613154
14278	1552	0.008338706211046636
5246	1534	0.008241994412207179
134	1532	0.008231248656780571
14622	1426	0.007661723619170428
12121	1409	0.007570384698044273
21547	1401	0.007527401676337846
18112	1369	0.007355469589512143
24151	1360	0.007307113690092413
18826	1358	0.007296367934665807
12305	1330	0.007145927358693316
3284	1255	0.006742961530195573
11412	1240	0.006662368364496024
25486	1161	0.006237911025145068
26419	1130	0.006071351816032667
1843	1126	0.006049860305179454
30502	1121	0.006022995916612938
7176	1095	0.005883301096067053
26189	1081	0.005808080808080808
11137	1064	0.005716741886954653
13701	1036	0.005566301310982162
2147	1026	0.005512572533849129
20102	1019	0.005474962389856007
796	1002	0.0053836234687298515
23730	994	0.005340640447023426
15799	993	0.005335267569310123
12722	966	0.005190199871050935
30629	951	0.005109606705351386
27718	947	0.0050881151944981735
3720	941	0.005055877928218354
4947	929	0.004991403395658715
7227	917	0.004926928863099076
23892	904	0.004857081452826133
25819	882	0.004738878143133462
16878	852	0.004577691811734365
13024	849	0.004561573178594455
29295	842	0.004523963034601333
16378	841	0.004518590156888029
686	839	0.004507844401461423
8976	821	0.004411132602621964
1716	809	0.0043466580700623255
8501	789	0.00423920051579626
18536	779	0.004185471738663228
28430	776	0.004169353105523318
10742	745	0.004002793896410918
27756	741	0.003981302385557705
18509	741	0.003981302385557705
3861	724	0.0038899634644315494
17058	688	0.0036965398667526328
323	681	0.00365892972275951
14593	678	0.0036428110896196
28830	660	0.0035460992907801418
20573	655	0.0035192349022136254
16397	639	0.0034332688588007737
262	639	0.0034332688588007737
3650	636	0.003417150225660864
10266	633	0.0034010315925209543
7617	586	0.003148506339995702
26626	577	0.0031001504405759727
3105	571	0.003067913174296153
16009	550	0.002955082742316785
21600	541	0.0029067268428970556
5109	540	0.0029013539651837525
2482	526	0.002826133677197507
2192	525	0.002820760799484204
4370	520	0.0027938964109176876
17581	517	0.002777777777777778
11951	515	0.0027670320223511713
1180	513	0.0027562862669245646
19121	494	0.0026542015903718032
18879	494	0.0026542015903718032
8022	490	0.00263271007951859
19471	490	0.00263271007951859
8449	487	0.0026165914463786803
2501	483	0.0025950999355254674
868	477	0.002562862669245648
3716	454	0.0024392864818396733
29366	453	0.0024339136041263702
8262	443	0.0023801848269933376
175	440	0.002364066193853428
10220	438	0.002353320438426821
9217	434	0.0023318289275736084
22616	431	0.0023157102944336987
6640	431	0.0023157102944336987
18177	424	0.002278100150440576
3648	417	0.002240490006447453
9880	407	0.002186761229314421
24122	402	0.0021598968407479046
5594	398	0.0021384053298946918
4785	397	0.0021330324521813882
19490	393	0.0021115409413281754
28274	385	0.0020685579196217494
7549	384	0.0020631850419084463
23160	374	0.0020094562647754136
18178	373	0.0020040833870621105
23933	368	0.001977218998495594
19895	363	0.001950354609929078
22893	363	0.001950354609929078
117	361	0.0019396088545024716
14641	354	0.0019019987105093489
8591	348	0.0018697614442295294
3625	344	0.0018482699333763164
6237	339	0.0018214055448098
23668	320	0.0017193208682570384
19132	317	0.0017032022351171287
9837	313	0.0016817107242639157
16035	307	0.0016494734579840962
2606	298	0.001601117558564367
5030	296	0.0015903718031377607
8065	296	0.0015903718031377607
17279	290	0.0015581345368579412
6052	289	0.001552761659144638
281	281	0.0015097786374382118
3278	280	0.0015044057597249087
13116	276	0.0014829142488716957
1253	275	0.0014775413711583924
7217	274	0.001472168493445089
13644	274	0.001472168493445089
17562	274	0.001472168493445089
1926	270	0.0014506769825918763
15999	265	0.00142381259402536
7318	265	0.00142381259402536
26959	265	0.00142381259402536
5486	263	0.0014130668385987535
9824	260	0.0013969482054588438
10933	252	0.0013539651837524177
2225	251	0.0013485923060391146
11928	249	0.001337846550612508
881	245	0.001316355039759295
12945	237	0.0012733720180528691
7954	237	0.0012733720180528691
10539	237	0.0012733720180528691
14437	230	0.0012357618740597464
22059	230	0.0012357618740597464
3080	227	0.0012196432409198367
28142	227	0.0012196432409198367
15848	223	0.0011981517300666236
7777	218	0.0011712873415001075
3738	218	0.0011712873415001075
440	217	0.0011659144637868042
3883	216	0.0011605415860735009
11922	207	0.0011121856866537717
7107	198	0.0010638297872340426
11734	198	0.0010638297872340426
27197	198	0.0010638297872340426
4800	196	0.0010530840318074362
2715	196	0.0010530840318074362
2647	195	0.0010477111540941329
8842	193	0.0010369653986675262
25049	191	0.0010262196432409198
15016	191	0.0010262196432409198
28629	188	0.00101010101010101
28205	181	0.0009724908661078873
11033	178	0.0009563722329679776
20384	177	0.0009509993552546744
16350	176	0.0009456264775413711
4108	176	0.0009456264775413711
470	174	0.0009348807221147647
1377	171	0.0009187620889748549
20906	171	0.0009187620889748549
19042	171	0.0009187620889748549
21957	166	0.0008918977004083388
26526	161	0.0008650333118418225
14863	161	0.0008650333118418225
10864	159	0.000854287556415216
12575	158	0.0008489146787019128
7401	154	0.0008274231678486998
14873	154	0.0008274231678486998
7326	153	0.0008220502901353966
971	152	0.0008166774124220932
1104	151	0.00081130453470879
15516	150	0.0008059316569954867
24135	150	0.0008059316569954867
621	150	0.0008059316569954867
23644	150	0.0008059316569954867
2865	148	0.0007951859015688803
21902	146	0.0007844401461422738
27937	142	0.0007629486352890608
27182	142	0.0007629486352890608
2298	140	0.0007522028798624544
27586	138	0.0007414571244358479
8675	137	0.0007360842467225445
12292	133	0.0007145927358693316
1582	131	0.0007038469804427251
9101	129	0.0006931012250161186
8471	128	0.0006877283473028154
25008	127	0.0006823554695895122
13950	127	0.0006823554695895122
21213	124	0.0006662368364496024
3560	123	0.0006608639587362991
12455	122	0.000655491081022996
14661	122	0.000655491081022996
19812	119	0.0006393724478830862
23159	119	0.0006393724478830862
2875	119	0.0006393724478830862
14613	116	0.0006232538147431764
13627	114	0.00061250805931657
22451	113	0.0006071351816032667
16305	112	0.0006017623038899635
8383	112	0.0006017623038899635
26183	111	0.0005963894261766603
11271	111	0.0005963894261766603
218	110	0.000591016548463357
23757	109	0.0005856436707500538
2010	109	0.0005856436707500538
1189	108	0.0005802707930367504
22333	106	0.000569525037610144
19941	105	0.0005641521598968407
14115	104	0.0005587792821835375
3973	104	0.0005587792821835375
14176	103	0.0005534064044702342
6730	103	0.0005534064044702342
7086	102	0.000548033526756931
24937	102	0.000548033526756931
3528	102	0.000548033526756931
21942	102	0.000548033526756931
24707	101	0.0005426606490436278
18283	101	0.0005426606490436278
27770	101	0.0005426606490436278
8430	100	0.0005372877713303245
4553	100	0.0005372877713303245
4101	99	0.0005319148936170213
18644	98	0.0005265420159037181
22386	98	0.0005265420159037181
2402	98	0.0005265420159037181
3481	98	0.0005265420159037181
14381	97	0.0005211691381904148
15853	97	0.0005211691381904148
5554	97	0.0005211691381904148
2932	96	0.0005157962604771116
7150	95	0.0005104233827638083
27785	94	0.000505050505050505
26468	94	0.000505050505050505
7856	94	0.000505050505050505
17021	94	0.000505050505050505
13450	94	0.000505050505050505
25234	94	0.000505050505050505
27318	93	0.0004996776273372018
1655	93	0.0004996776273372018
14402	93	0.0004996776273372018
14776	92	0.0004943047496238985
16112	91	0.0004889318719105953
13886	90	0.00048355899419729207
7180	90	0.00048355899419729207
27134	88	0.00047281323877068556
27158	88	0.00047281323877068556
30408	85	0.00045669460563077584
6973	85	0.00045669460563077584
11312	84	0.0004513217279174726
23262	84	0.0004513217279174726
1328	84	0.0004513217279174726
3030	84	0.0004513217279174726
10559	83	0.0004459488502041694
25254	83	0.0004459488502041694
29612	82	0.0004405759724908661
1156	81	0.00043520309477756286
16449	80	0.0004298302170642596
15330	79	0.0004244573393509564
18245	79	0.0004244573393509564
17672	79	0.0004244573393509564
15121	78	0.00041908446163765314
7301	78	0.00041908446163765314
5318	77	0.0004137115839243499
11397	77	0.0004137115839243499
5087	76	0.0004083387062110466
3942	75	0.00040296582849774337
14122	75	0.00040296582849774337
25498	74	0.00039759295078444016
993	73	0.0003922200730711369
28612	73	0.0003922200730711369
21527	73	0.0003922200730711369
703	72	0.00038684719535783365
15627	72	0.00038684719535783365
6369	72	0.00038684719535783365
25404	72	0.00038684719535783365
10371	71	0.0003814743176445304
22851	71	0.0003814743176445304
12869	71	0.0003814743176445304
30246	70	0.0003761014399312272
26891	70	0.0003761014399312272
4052	70	0.0003761014399312272
14818	69	0.00037072856221792393
777	69	0.00037072856221792393
601	69	0.00037072856221792393
746	68	0.00036535568450462067
14508	67	0.0003599828067913174
589	66	0.0003546099290780142
3975	66	0.0003546099290780142
7389	66	0.0003546099290780142
29996	65	0.00034923705136471095
6680	65	0.00034923705136471095
5110	65	0.00034923705136471095
826	64	0.0003438641736514077
6396	64	0.0003438641736514077
7412	64	0.0003438641736514077
12062	64	0.0003438641736514077
15605	64	0.0003438641736514077
9321	63	0.00033849129593810443
21378	63	0.00033849129593810443
16922	63	0.00033849129593810443
16083	63	0.00033849129593810443
26306	63	0.00033849129593810443
30255	62	0.0003331184182248012
2028	61	0.000327745540511498
9175	61	0.000327745540511498
4451	60	0.0003223726627981947
1846	59	0.00031699978508489146
7459	59	0.00031699978508489146
2318	58	0.0003116269073715882
10636	58	0.0003116269073715882
4648	57	0.000306254029658285
11258	57	0.000306254029658285
8497	57	0.000306254029658285
19663	57	0.000306254029658285
216	57	0.000306254029658285
953	56	0.00030088115194498174
20313	56	0.00030088115194498174
4904	55	0.0002955082742316785
25100	55	0.0002955082742316785
20571	55	0.0002955082742316785
18055	55	0.0002955082742316785
3504	54	0.0002901353965183752
6969	54	0.0002901353965183752
4352	53	0.000284762518805072
15550	52	0.00027938964109176876
8557	52	0.00027938964109176876
3564	52	0.00027938964109176876
4256	52	0.00027938964109176876
17443	52	0.00027938964109176876
18894	51	0.0002740167633784655
2452	51	0.0002740167633784655
30091	50	0.00026864388566516224
27695	50	0.00026864388566516224
1337	49	0.00026327100795185904
3559	49	0.00026327100795185904
16921	49	0.00026327100795185904
7424	49	0.00026327100795185904
876	48	0.0002578981302385558
27333	48	0.0002578981302385558
24694	47	0.0002525252525252525
1476	47	0.0002525252525252525
7200	47	0.0002525252525252525
4442	47	0.0002525252525252525
27883	47	0.0002525252525252525
989	47	0.0002525252525252525
14277	47	0.0002525252525252525
7284	47	0.0002525252525252525
25800	46	0.00024715237481194927
20457	46	0.00024715237481194927
4994	46	0.00024715237481194927
25968	46	0.00024715237481194927
495	46	0.00024715237481194927
7645	46	0.00024715237481194927
22797	45	0.00024177949709864604
5888	45	0.00024177949709864604
22744	45	0.00024177949709864604
17415	45	0.00024177949709864604
14632	44	0.00023640661938534278
7346	44	0.00023640661938534278
1001	44	0.00023640661938534278
21975	44	0.00023640661938534278
10779	44	0.00023640661938534278
3769	44	0.00023640661938534278
17250	44	0.00023640661938534278
2906	44	0.00023640661938534278
3870	43	0.00023103374167203955
20987	43	0.00023103374167203955
1872	43	0.00023103374167203955
24079	43	0.00023103374167203955
8049	43	0.00023103374167203955
10423	42	0.0002256608639587363
1413	42	0.0002256608639587363
8072	42	0.0002256608639587363
11211	41	0.00022028798624543306
9150	41	0.00022028798624543306
27650	41	0.00022028798624543306
14228	41	0.00022028798624543306
17051	40	0.0002149151085321298
560	40	0.0002149151085321298
8346	40	0.0002149151085321298
7911	40	0.0002149151085321298
2981	40	0.0002149151085321298
1441	40	0.0002149151085321298
8811	38	0.0002041693531055233
2118	38	0.0002041693531055233
25502	38	0.0002041693531055233
11067	38	0.0002041693531055233
3289	38	0.0002041693531055233
19824	37	0.00019879647539222008
29163	37	0.00019879647539222008
6477	37	0.00019879647539222008
5916	37	0.00019879647539222008
5760	37	0.00019879647539222008
9771	37	0.00019879647539222008
1708	36	0.00019342359767891682
13166	36	0.00019342359767891682
13217	36	0.00019342359767891682
7682	36	0.00019342359767891682
6311	36	0.00019342359767891682
5926	36	0.00019342359767891682
14982	36	0.00019342359767891682
5457	35	0.0001880507199656136
12156	35	0.0001880507199656136
3802	35	0.0001880507199656136
7329	35	0.0001880507199656136
24287	35	0.0001880507199656136
301	34	0.00018267784225231033
8820	34	0.00018267784225231033
11260	34	0.00018267784225231033
15749	34	0.00018267784225231033
4489	33	0.0001773049645390071
19138	33	0.0001773049645390071
3580	33	0.0001773049645390071
2633	33	0.0001773049645390071
1355	33	0.0001773049645390071
11473	33	0.0001773049645390071
15704	32	0.00017193208682570385
12448	32	0.00017193208682570385
9734	32	0.00017193208682570385
4434	32	0.00017193208682570385
3869	32	0.00017193208682570385
5355	32	0.00017193208682570385
9657	32	0.00017193208682570385
25568	31	0.0001665592091124006
13333	31	0.0001665592091124006
25558	31	0.0001665592091124006
12014	31	0.0001665592091124006
19615	31	0.0001665592091124006
3529	31	0.0001665592091124006
25581	31	0.0001665592091124006
5358	31	0.0001665592091124006
2672	31	0.0001665592091124006
1929	30	0.00016118633139909736
11611	30	0.00016118633139909736
6679	30	0.00016118633139909736
6231	30	0.00016118633139909736
27540	30	0.00016118633139909736
26570	30	0.00016118633139909736
23504	29	0.0001558134536857941
12892	29	0.0001558134536857941
9309	29	0.0001558134536857941
3371	29	0.0001558134536857941
3960	28	0.00015044057597249087
1565	28	0.00015044057597249087
15421	28	0.00015044057597249087
766	28	0.00015044057597249087
3480	28	0.00015044057597249087
5023	28	0.00015044057597249087
1130	28	0.00015044057597249087
9263	28	0.00015044057597249087
27399	28	0.00015044057597249087
2465	28	0.00015044057597249087
3767	27	0.0001450676982591876
5354	27	0.0001450676982591876
7878	27	0.0001450676982591876
28942	27	0.0001450676982591876
21588	27	0.0001450676982591876
3457	27	0.0001450676982591876
303	26	0.00013969482054588438
12123	26	0.00013969482054588438
10123	26	0.00013969482054588438
11097	26	0.00013969482054588438
12901	26	0.00013969482054588438
2867	25	0.00013432194283258112
26730	25	0.00013432194283258112
4877	25	0.00013432194283258112
9147	25	0.00013432194283258112
4767	25	0.00013432194283258112
4956	25	0.00013432194283258112
927	25	0.00013432194283258112
7897	25	0.00013432194283258112
28441	25	0.00013432194283258112
1166	25	0.00013432194283258112
17994	25	0.00013432194283258112
17830	24	0.0001289490651192779
6861	24	0.0001289490651192779
4474	24	0.0001289490651192779
10208	24	0.0001289490651192779
18888	24	0.0001289490651192779
29530	24	0.0001289490651192779
29365	24	0.0001289490651192779
9422	24	0.0001289490651192779
20003	24	0.0001289490651192779
13988	23	0.00012357618740597463
10362	23	0.00012357618740597463
15489	23	0.00012357618740597463
2316	23	0.00012357618740597463
1164	23	0.00012357618740597463
5289	23	0.00012357618740597463
14699	23	0.00012357618740597463
11893	23	0.00012357618740597463
26621	22	0.00011820330969267139
937	22	0.00011820330969267139
8655	22	0.00011820330969267139
20129	22	0.00011820330969267139
28448	22	0.00011820330969267139
10049	22	0.00011820330969267139
10046	22	0.00011820330969267139
4911	22	0.00011820330969267139
19272	22	0.00011820330969267139
16125	22	0.00011820330969267139
30378	22	0.00011820330969267139
7184	21	0.00011283043197936814
8790	21	0.00011283043197936814
593	21	0.00011283043197936814
4510	21	0.00011283043197936814
21707	21	0.00011283043197936814
23057	21	0.00011283043197936814
11814	21	0.00011283043197936814
7875	21	0.00011283043197936814
29113	21	0.00011283043197936814
14270	21	0.00011283043197936814
715	21	0.00011283043197936814
12803	21	0.00011283043197936814
3098	21	0.00011283043197936814
2272	21	0.00011283043197936814
191	21	0.00011283043197936814
10012	21	0.00011283043197936814
6110	21	0.00011283043197936814
23176	21	0.00011283043197936814
23254	20	0.0001074575542660649
3962	20	0.0001074575542660649
13327	20	0.0001074575542660649
18060	20	0.0001074575542660649
3670	20	0.0001074575542660649
22623	20	0.0001074575542660649
18711	20	0.0001074575542660649
447	20	0.0001074575542660649
20923	20	0.0001074575542660649
21499	20	0.0001074575542660649
22362	20	0.0001074575542660649
7466	20	0.0001074575542660649
3438	20	0.0001074575542660649
28143	19	0.00010208467655276166
20059	19	0.00010208467655276166
9689	19	0.00010208467655276166
3242	19	0.00010208467655276166
20731	19	0.00010208467655276166
16784	19	0.00010208467655276166
6241	19	0.00010208467655276166
26816	19	0.00010208467655276166
28480	19	0.00010208467655276166
3990	19	0.00010208467655276166
9088	19	0.00010208467655276166
19118	19	0.00010208467655276166
21788	19	0.00010208467655276166
20664	19	0.00010208467655276166
7241	19	0.00010208467655276166
2557	18	9.671179883945841e-05
23189	18	9.671179883945841e-05
7468	18	9.671179883945841e-05
9529	18	9.671179883945841e-05
27478	18	9.671179883945841e-05
2632	18	9.671179883945841e-05
44	18	9.671179883945841e-05
1892	18	9.671179883945841e-05
8020	18	9.671179883945841e-05
15760	17	9.133892112615517e-05
21193	17	9.133892112615517e-05
9550	17	9.133892112615517e-05
20141	17	9.133892112615517e-05
22277	17	9.133892112615517e-05
14979	17	9.133892112615517e-05
30328	17	9.133892112615517e-05
2652	17	9.133892112615517e-05
5381	17	9.133892112615517e-05
13994	17	9.133892112615517e-05
7807	17	9.133892112615517e-05
4738	17	9.133892112615517e-05
1284	17	9.133892112615517e-05
290	17	9.133892112615517e-05
13348	17	9.133892112615517e-05
27904	17	9.133892112615517e-05
19509	17	9.133892112615517e-05
15074	17	9.133892112615517e-05
1560	17	9.133892112615517e-05
5399	17	9.133892112615517e-05
5555	16	8.596604341285192e-05
7281	16	8.596604341285192e-05
28949	16	8.596604341285192e-05
2705	16	8.596604341285192e-05
6932	16	8.596604341285192e-05
4133	16	8.596604341285192e-05
21325	16	8.596604341285192e-05
5153	16	8.596604341285192e-05
7978	16	8.596604341285192e-05
1518	16	8.596604341285192e-05
19787	16	8.596604341285192e-05
11869	16	8.596604341285192e-05
2213	16	8.596604341285192e-05
11220	16	8.596604341285192e-05
8180	16	8.596604341285192e-05
15028	16	8.596604341285192e-05
10563	16	8.596604341285192e-05
2259	15	8.059316569954868e-05
5154	15	8.059316569954868e-05
12098	15	8.059316569954868e-05
27299	15	8.059316569954868e-05
2868	15	8.059316569954868e-05
12447	15	8.059316569954868e-05
3647	15	8.059316569954868e-05
16962	15	8.059316569954868e-05
24040	15	8.059316569954868e-05
3917	15	8.059316569954868e-05
8563	15	8.059316569954868e-05
24124	15	8.059316569954868e-05
4203	15	8.059316569954868e-05
6277	15	8.059316569954868e-05
22489	15	8.059316569954868e-05
2643	15	8.059316569954868e-05
6174	15	8.059316569954868e-05
10454	15	8.059316569954868e-05
7061	15	8.059316569954868e-05
30032	14	7.522028798624543e-05
1873	14	7.522028798624543e-05
13109	14	7.522028798624543e-05
4259	14	7.522028798624543e-05
3573	14	7.522028798624543e-05
321	14	7.522028798624543e-05
9641	14	7.522028798624543e-05
12608	14	7.522028798624543e-05
4996	14	7.522028798624543e-05
22735	14	7.522028798624543e-05
92	14	7.522028798624543e-05
10961	14	7.522028798624543e-05
27041	14	7.522028798624543e-05
8926	13	6.984741027294219e-05
13308	13	6.984741027294219e-05
19212	13	6.984741027294219e-05
15004	13	6.984741027294219e-05
27189	13	6.984741027294219e-05
4304	13	6.984741027294219e-05
8548	13	6.984741027294219e-05
11557	13	6.984741027294219e-05
25815	13	6.984741027294219e-05
27743	13	6.984741027294219e-05
6499	13	6.984741027294219e-05
233	13	6.984741027294219e-05
1426	13	6.984741027294219e-05
7439	13	6.984741027294219e-05
13521	13	6.984741027294219e-05
14418	13	6.984741027294219e-05
12066	13	6.984741027294219e-05
17604	13	6.984741027294219e-05
2218	13	6.984741027294219e-05
10314	13	6.984741027294219e-05
29528	13	6.984741027294219e-05
8061	13	6.984741027294219e-05
8074	13	6.984741027294219e-05
4514	13	6.984741027294219e-05
2471	12	6.447453255963895e-05
25747	12	6.447453255963895e-05
16612	12	6.447453255963895e-05
7131	12	6.447453255963895e-05
23085	12	6.447453255963895e-05
2491	12	6.447453255963895e-05
6098	12	6.447453255963895e-05
26394	12	6.447453255963895e-05
11449	12	6.447453255963895e-05
11018	12	6.447453255963895e-05
9307	12	6.447453255963895e-05
221	12	6.447453255963895e-05
11450	12	6.447453255963895e-05
9900	12	6.447453255963895e-05
2664	12	6.447453255963895e-05
30438	12	6.447453255963895e-05
24012	12	6.447453255963895e-05
5028	12	6.447453255963895e-05
21888	12	6.447453255963895e-05
14299	12	6.447453255963895e-05
26659	12	6.447453255963895e-05
6503	12	6.447453255963895e-05
10180	12	6.447453255963895e-05
19991	12	6.447453255963895e-05
23156	12	6.447453255963895e-05
29551	12	6.447453255963895e-05
14877	12	6.447453255963895e-05
24075	12	6.447453255963895e-05
10782	11	5.9101654846335695e-05
811	11	5.9101654846335695e-05
4690	11	5.9101654846335695e-05
21071	11	5.9101654846335695e-05
18963	11	5.9101654846335695e-05
29758	11	5.9101654846335695e-05
12042	11	5.9101654846335695e-05
25926	11	5.9101654846335695e-05
209	11	5.9101654846335695e-05
4700	11	5.9101654846335695e-05
3819	11	5.9101654846335695e-05
5666	11	5.9101654846335695e-05
3019	11	5.9101654846335695e-05
1512	11	5.9101654846335695e-05
6800	11	5.9101654846335695e-05
15221	11	5.9101654846335695e-05
4593	11	5.9101654846335695e-05
3378	11	5.9101654846335695e-05
17969	11	5.9101654846335695e-05
26192	11	5.9101654846335695e-05
322	11	5.9101654846335695e-05
12050	11	5.9101654846335695e-05
9451	11	5.9101654846335695e-05
27894	11	5.9101654846335695e-05
11471	11	5.9101654846335695e-05
11973	11	5.9101654846335695e-05
2542	11	5.9101654846335695e-05
14490	11	5.9101654846335695e-05
5458	10	5.372877713303245e-05
24782	10	5.372877713303245e-05
25729	10	5.372877713303245e-05
6360	10	5.372877713303245e-05
19009	10	5.372877713303245e-05
12675	10	5.372877713303245e-05
3491	10	5.372877713303245e-05
7723	10	5.372877713303245e-05
95	10	5.372877713303245e-05
2951	10	5.372877713303245e-05
18699	10	5.372877713303245e-05
19358	10	5.372877713303245e-05
456	10	5.372877713303245e-05
28618	10	5.372877713303245e-05
13170	10	5.372877713303245e-05
18499	10	5.372877713303245e-05
17233	10	5.372877713303245e-05
23449	10	5.372877713303245e-05
14389	10	5.372877713303245e-05
3001	10	5.372877713303245e-05
246	10	5.372877713303245e-05
7790	10	5.372877713303245e-05
3747	10	5.372877713303245e-05
5145	10	5.372877713303245e-05
5663	10	5.372877713303245e-05
7837	10	5.372877713303245e-05
26793	10	5.372877713303245e-05
13208	10	5.372877713303245e-05
7949	10	5.372877713303245e-05
29897	10	5.372877713303245e-05
7939	10	5.372877713303245e-05
27146	10	5.372877713303245e-05
7919	10	5.372877713303245e-05
4212	10	5.372877713303245e-05
2696	9	4.8355899419729206e-05
23924	9	4.8355899419729206e-05
11303	9	4.8355899419729206e-05
24315	9	4.8355899419729206e-05
4452	9	4.8355899419729206e-05
3581	9	4.8355899419729206e-05
4888	9	4.8355899419729206e-05
29577	9	4.8355899419729206e-05
1442	9	4.8355899419729206e-05
1920	9	4.8355899419729206e-05
26187	9	4.8355899419729206e-05
10379	9	4.8355899419729206e-05
11941	9	4.8355899419729206e-05
9412	9	4.8355899419729206e-05
3158	9	4.8355899419729206e-05
15436	9	4.8355899419729206e-05
17133	9	4.8355899419729206e-05
24548	9	4.8355899419729206e-05
22473	9	4.8355899419729206e-05
24094	9	4.8355899419729206e-05
14996	9	4.8355899419729206e-05
24017	9	4.8355899419729206e-05
10798	9	4.8355899419729206e-05
20127	9	4.8355899419729206e-05
6792	9	4.8355899419729206e-05
5309	9	4.8355899419729206e-05
14025	9	4.8355899419729206e-05
19301	9	4.8355899419729206e-05
5609	9	4.8355899419729206e-05
7249	9	4.8355899419729206e-05
12723	9	4.8355899419729206e-05
15227	9	4.8355899419729206e-05
28746	9	4.8355899419729206e-05
21048	9	4.8355899419729206e-05
22548	9	4.8355899419729206e-05
23893	9	4.8355899419729206e-05
3494	9	4.8355899419729206e-05
21396	9	4.8355899419729206e-05
11745	9	4.8355899419729206e-05
5617	9	4.8355899419729206e-05
21480	9	4.8355899419729206e-05
20929	9	4.8355899419729206e-05
969	9	4.8355899419729206e-05
7975	9	4.8355899419729206e-05
16084	9	4.8355899419729206e-05
8654	9	4.8355899419729206e-05
26119	8	4.298302170642596e-05
24747	8	4.298302170642596e-05
1580	8	4.298302170642596e-05
9540	8	4.298302170642596e-05
5173	8	4.298302170642596e-05
10329	8	4.298302170642596e-05
3450	8	4.298302170642596e-05
900	8	4.298302170642596e-05
14649	8	4.298302170642596e-05
28568	8	4.298302170642596e-05
29414	8	4.298302170642596e-05
11070	8	4.298302170642596e-05
22177	8	4.298302170642596e-05
12996	8	4.298302170642596e-05
13404	8	4.298302170642596e-05
5257	8	4.298302170642596e-05
2846	8	4.298302170642596e-05
17220	8	4.298302170642596e-05
18838	8	4.298302170642596e-05
14973	8	4.298302170642596e-05
27201	8	4.298302170642596e-05
16209	8	4.298302170642596e-05
5459	8	4.298302170642596e-05
13489	8	4.298302170642596e-05
25701	8	4.298302170642596e-05
9023	8	4.298302170642596e-05
3159	8	4.298302170642596e-05
24116	8	4.298302170642596e-05
28289	8	4.298302170642596e-05
14830	8	4.298302170642596e-05
1591	8	4.298302170642596e-05
24203	8	4.298302170642596e-05
3631	8	4.298302170642596e-05
20213	8	4.298302170642596e-05
14264	8	4.298302170642596e-05
14542	8	4.298302170642596e-05
24025	8	4.298302170642596e-05
7199	8	4.298302170642596e-05
1869	8	4.298302170642596e-05
6088	7	3.761014399312272e-05
29905	7	3.761014399312272e-05
22754	7	3.761014399312272e-05
19477	7	3.761014399312272e-05
4576	7	3.761014399312272e-05
16833	7	3.761014399312272e-05
9855	7	3.761014399312272e-05
2948	7	3.761014399312272e-05
18522	7	3.761014399312272e-05
13115	7	3.761014399312272e-05
4552	7	3.761014399312272e-05
6897	7	3.761014399312272e-05
16849	7	3.761014399312272e-05
18289	7	3.761014399312272e-05
392	7	3.761014399312272e-05
14775	7	3.761014399312272e-05
2505	7	3.761014399312272e-05
2114	7	3.761014399312272e-05
6787	7	3.761014399312272e-05
17613	7	3.761014399312272e-05
7767	7	3.761014399312272e-05
5366	7	3.761014399312272e-05
22381	7	3.761014399312272e-05
30184	7	3.761014399312272e-05
17222	7	3.761014399312272e-05
2407	7	3.761014399312272e-05
19878	7	3.761014399312272e-05
11274	7	3.761014399312272e-05
27405	7	3.761014399312272e-05
5983	7	3.761014399312272e-05
13191	7	3.761014399312272e-05
20793	7	3.761014399312272e-05
22704	7	3.761014399312272e-05
23038	7	3.761014399312272e-05
23320	7	3.761014399312272e-05
4449	7	3.761014399312272e-05
26302	7	3.761014399312272e-05
21591	7	3.761014399312272e-05
21232	7	3.761014399312272e-05
8469	7	3.761014399312272e-05
2508	7	3.761014399312272e-05
3172	7	3.761014399312272e-05
11665	7	3.761014399312272e-05
5733	7	3.761014399312272e-05
2365	7	3.761014399312272e-05
12927	7	3.761014399312272e-05
4130	7	3.761014399312272e-05
13106	7	3.761014399312272e-05
21322	7	3.761014399312272e-05
27431	7	3.761014399312272e-05
9685	7	3.761014399312272e-05
11246	7	3.761014399312272e-05
3739	7	3.761014399312272e-05
20764	7	3.761014399312272e-05
4940	7	3.761014399312272e-05
18137	7	3.761014399312272e-05
120	7	3.761014399312272e-05
13077	7	3.761014399312272e-05
8476	7	3.761014399312272e-05
3829	7	3.761014399312272e-05
6367	7	3.761014399312272e-05
13494	6	3.223726627981947e-05
6598	6	3.223726627981947e-05
6891	6	3.223726627981947e-05
2670	6	3.223726627981947e-05
3909	6	3.223726627981947e-05
5753	6	3.223726627981947e-05
15744	6	3.223726627981947e-05
29708	6	3.223726627981947e-05
26852	6	3.223726627981947e-05
10777	6	3.223726627981947e-05
13564	6	3.223726627981947e-05
11902	6	3.223726627981947e-05
14983	6	3.223726627981947e-05
23676	6	3.223726627981947e-05
4045	6	3.223726627981947e-05
22364	6	3.223726627981947e-05
21689	6	3.223726627981947e-05
5521	6	3.223726627981947e-05
13224	6	3.223726627981947e-05
1437	6	3.223726627981947e-05
20599	6	3.223726627981947e-05
23413	6	3.223726627981947e-05
12300	6	3.223726627981947e-05
18827	6	3.223726627981947e-05
18249	6	3.223726627981947e-05
5010	6	3.223726627981947e-05
6501	6	3.223726627981947e-05
3228	6	3.223726627981947e-05
2044	6	3.223726627981947e-05
7627	6	3.223726627981947e-05
18017	6	3.223726627981947e-05
8910	6	3.223726627981947e-05
15761	6	3.223726627981947e-05
240	6	3.223726627981947e-05
285	6	3.223726627981947e-05
2001	6	3.223726627981947e-05
1592	6	3.223726627981947e-05
20686	6	3.223726627981947e-05
654	6	3.223726627981947e-05
28540	6	3.223726627981947e-05
2473	6	3.223726627981947e-05
13931	6	3.223726627981947e-05
17727	6	3.223726627981947e-05
22695	6	3.223726627981947e-05
5834	6	3.223726627981947e-05
5157	6	3.223726627981947e-05
28479	6	3.223726627981947e-05
7571	6	3.223726627981947e-05
25010	6	3.223726627981947e-05
18647	6	3.223726627981947e-05
6306	6	3.223726627981947e-05
9573	6	3.223726627981947e-05
17325	6	3.223726627981947e-05
22134	6	3.223726627981947e-05
18908	6	3.223726627981947e-05
1678	6	3.223726627981947e-05
19436	6	3.223726627981947e-05
177	6	3.223726627981947e-05
4505	6	3.223726627981947e-05
21528	6	3.223726627981947e-05
14326	6	3.223726627981947e-05
21484	6	3.223726627981947e-05
19993	6	3.223726627981947e-05
30362	6	3.223726627981947e-05
921	6	3.223726627981947e-05
2522	6	3.223726627981947e-05
8561	6	3.223726627981947e-05
5276	5	2.6864388566516225e-05
17577	5	2.6864388566516225e-05
2151	5	2.6864388566516225e-05
22349	5	2.6864388566516225e-05
10100	5	2.6864388566516225e-05
5996	5	2.6864388566516225e-05
10268	5	2.6864388566516225e-05
23765	5	2.6864388566516225e-05
2702	5	2.6864388566516225e-05
21110	5	2.6864388566516225e-05
10165	5	2.6864388566516225e-05
29611	5	2.6864388566516225e-05
17227	5	2.6864388566516225e-05
25833	5	2.6864388566516225e-05
6654	5	2.6864388566516225e-05
11384	5	2.6864388566516225e-05
29134	5	2.6864388566516225e-05
26067	5	2.6864388566516225e-05
22515	5	2.6864388566516225e-05
10341	5	2.6864388566516225e-05
2397	5	2.6864388566516225e-05
16661	5	2.6864388566516225e-05
10544	5	2.6864388566516225e-05
15311	5	2.6864388566516225e-05
28350	5	2.6864388566516225e-05
14239	5	2.6864388566516225e-05
20464	5	2.6864388566516225e-05
8526	5	2.6864388566516225e-05
5817	5	2.6864388566516225e-05
9230	5	2.6864388566516225e-05
20720	5	2.6864388566516225e-05
18203	5	2.6864388566516225e-05
24809	5	2.6864388566516225e-05
10820	5	2.6864388566516225e-05
20814	5	2.6864388566516225e-05
16041	5	2.6864388566516225e-05
29038	5	2.6864388566516225e-05
22183	5	2.6864388566516225e-05
2283	5	2.6864388566516225e-05
10896	5	2.6864388566516225e-05
30684	5	2.6864388566516225e-05
3448	5	2.6864388566516225e-05
15450	5	2.6864388566516225e-05
11620	5	2.6864388566516225e-05
21750	5	2.6864388566516225e-05
26529	5	2.6864388566516225e-05
19252	5	2.6864388566516225e-05
24763	5	2.6864388566516225e-05
13484	5	2.6864388566516225e-05
5456	5	2.6864388566516225e-05
3567	5	2.6864388566516225e-05
6833	5	2.6864388566516225e-05
2745	5	2.6864388566516225e-05
1205	5	2.6864388566516225e-05
26979	5	2.6864388566516225e-05
1849	5	2.6864388566516225e-05
1237	5	2.6864388566516225e-05
10242	5	2.6864388566516225e-05
1360	5	2.6864388566516225e-05
518	5	2.6864388566516225e-05
20121	5	2.6864388566516225e-05
23714	5	2.6864388566516225e-05
5140	5	2.6864388566516225e-05
17333	5	2.6864388566516225e-05
29059	5	2.6864388566516225e-05
19873	5	2.6864388566516225e-05
6600	5	2.6864388566516225e-05
6223	5	2.6864388566516225e-05
3830	5	2.6864388566516225e-05
9403	5	2.6864388566516225e-05
18093	5	2.6864388566516225e-05
30047	5	2.6864388566516225e-05
2049	5	2.6864388566516225e-05
11910	5	2.6864388566516225e-05
3142	5	2.6864388566516225e-05
8908	5	2.6864388566516225e-05
2122	5	2.6864388566516225e-05
23332	5	2.6864388566516225e-05
10153	5	2.6864388566516225e-05
20143	5	2.6864388566516225e-05
6151	5	2.6864388566516225e-05
4400	5	2.6864388566516225e-05
24641	5	2.6864388566516225e-05
18031	5	2.6864388566516225e-05
129	5	2.6864388566516225e-05
28880	5	2.6864388566516225e-05
26418	5	2.6864388566516225e-05
5079	5	2.6864388566516225e-05
6112	5	2.6864388566516225e-05
27485	5	2.6864388566516225e-05
22920	5	2.6864388566516225e-05
11605	5	2.6864388566516225e-05
24131	4	2.149151085321298e-05
6126	4	2.149151085321298e-05
18829	4	2.149151085321298e-05
28336	4	2.149151085321298e-05
13640	4	2.149151085321298e-05
21791	4	2.149151085321298e-05
7823	4	2.149151085321298e-05
18682	4	2.149151085321298e-05
3318	4	2.149151085321298e-05
9037	4	2.149151085321298e-05
20981	4	2.149151085321298e-05
12094	4	2.149151085321298e-05
6266	4	2.149151085321298e-05
15563	4	2.149151085321298e-05
2726	4	2.149151085321298e-05
841	4	2.149151085321298e-05
19832	4	2.149151085321298e-05
14637	4	2.149151085321298e-05
13525	4	2.149151085321298e-05
7662	4	2.149151085321298e-05
9052	4	2.149151085321298e-05
12251	4	2.149151085321298e-05
2348	4	2.149151085321298e-05
29986	4	2.149151085321298e-05
14257	4	2.149151085321298e-05
2121	4	2.149151085321298e-05
12618	4	2.149151085321298e-05
5681	4	2.149151085321298e-05
5982	4	2.149151085321298e-05
29810	4	2.149151085321298e-05
10017	4	2.149151085321298e-05
11013	4	2.149151085321298e-05
3385	4	2.149151085321298e-05
12362	4	2.149151085321298e-05
22762	4	2.149151085321298e-05
11129	4	2.149151085321298e-05
24660	4	2.149151085321298e-05
23092	4	2.149151085321298e-05
20207	4	2.149151085321298e-05
4612	4	2.149151085321298e-05
22501	4	2.149151085321298e-05
1986	4	2.149151085321298e-05
12659	4	2.149151085321298e-05
2968	4	2.149151085321298e-05
10960	4	2.149151085321298e-05
27108	4	2.149151085321298e-05
603	4	2.149151085321298e-05
22800	4	2.149151085321298e-05
16890	4	2.149151085321298e-05
18467	4	2.149151085321298e-05
5813	4	2.149151085321298e-05
3886	4	2.149151085321298e-05
15735	4	2.149151085321298e-05
20809	4	2.149151085321298e-05
26006	4	2.149151085321298e-05
16440	4	2.149151085321298e-05
4075	4	2.149151085321298e-05
446	4	2.149151085321298e-05
5844	4	2.149151085321298e-05
26205	4	2.149151085321298e-05
3916	4	2.149151085321298e-05
17851	4	2.149151085321298e-05
10345	4	2.149151085321298e-05
11962	4	2.149151085321298e-05
11079	4	2.149151085321298e-05
11810	4	2.149151085321298e-05
6154	4	2.149151085321298e-05
23963	4	2.149151085321298e-05
17716	4	2.149151085321298e-05
803	4	2.149151085321298e-05
420	4	2.149151085321298e-05
1645	4	2.149151085321298e-05
317	4	2.149151085321298e-05
1523	4	2.149151085321298e-05
1876	4	2.149151085321298e-05
3473	4	2.149151085321298e-05
27653	4	2.149151085321298e-05
17144	4	2.149151085321298e-05
4172	4	2.149151085321298e-05
19201	4	2.149151085321298e-05
14640	4	2.149151085321298e-05
5641	4	2.149151085321298e-05
1935	4	2.149151085321298e-05
3575	4	2.149151085321298e-05
6794	4	2.149151085321298e-05
8681	4	2.149151085321298e-05
11892	4	2.149151085321298e-05
1396	3	1.6118633139909736e-05
21728	3	1.6118633139909736e-05
8199	3	1.6118633139909736e-05
12349	3	1.6118633139909736e-05
24931	3	1.6118633139909736e-05
15555	3	1.6118633139909736e-05
114	3	1.6118633139909736e-05
12198	3	1.6118633139909736e-05
16429	3	1.6118633139909736e-05
12384	3	1.6118633139909736e-05
22938	3	1.6118633139909736e-05
12173	3	1.6118633139909736e-05
24070	3	1.6118633139909736e-05
26262	3	1.6118633139909736e-05
15122	3	1.6118633139909736e-05
2374	3	1.6118633139909736e-05
2821	3	1.6118633139909736e-05
16751	3	1.6118633139909736e-05
11939	3	1.6118633139909736e-05
25318	3	1.6118633139909736e-05
10449	3	1.6118633139909736e-05
12946	3	1.6118633139909736e-05
27269	3	1.6118633139909736e-05
13443	3	1.6118633139909736e-05
11609	3	1.6118633139909736e-05
22526	3	1.6118633139909736e-05
3275	3	1.6118633139909736e-05
18996	3	1.6118633139909736e-05
9402	3	1.6118633139909736e-05
17119	3	1.6118633139909736e-05
16398	3	1.6118633139909736e-05
27488	3	1.6118633139909736e-05
11217	3	1.6118633139909736e-05
10530	3	1.6118633139909736e-05
17278	3	1.6118633139909736e-05
508	3	1.6118633139909736e-05
16624	3	1.6118633139909736e-05
5530	3	1.6118633139909736e-05
22385	3	1.6118633139909736e-05
11107	3	1.6118633139909736e-05
3116	3	1.6118633139909736e-05
1764	3	1.6118633139909736e-05
2964	3	1.6118633139909736e-05
9324	3	1.6118633139909736e-05
6353	3	1.6118633139909736e-05
598	3	1.6118633139909736e-05
13549	3	1.6118633139909736e-05
10124	3	1.6118633139909736e-05
795	3	1.6118633139909736e-05
611	3	1.6118633139909736e-05
21529	3	1.6118633139909736e-05
1047	3	1.6118633139909736e-05
243	3	1.6118633139909736e-05
3483	3	1.6118633139909736e-05
4654	3	1.6118633139909736e-05
3202	3	1.6118633139909736e-05
20190	3	1.6118633139909736e-05
9527	3	1.6118633139909736e-05
12801	3	1.6118633139909736e-05
8854	3	1.6118633139909736e-05
28581	3	1.6118633139909736e-05
6676	3	1.6118633139909736e-05
4915	3	1.6118633139909736e-05
7060	3	1.6118633139909736e-05
162	3	1.6118633139909736e-05
10412	3	1.6118633139909736e-05
22569	3	1.6118633139909736e-05
1903	3	1.6118633139909736e-05
13831	3	1.6118633139909736e-05
20046	3	1.6118633139909736e-05
21824	3	1.6118633139909736e-05
6884	3	1.6118633139909736e-05
13463	3	1.6118633139909736e-05
27940	3	1.6118633139909736e-05
29360	3	1.6118633139909736e-05
21976	3	1.6118633139909736e-05
4760	3	1.6118633139909736e-05
9275	3	1.6118633139909736e-05
13322	3	1.6118633139909736e-05
55	3	1.6118633139909736e-05
295	3	1.6118633139909736e-05
29248	3	1.6118633139909736e-05
26724	3	1.6118633139909736e-05
12366	3	1.6118633139909736e-05
29700	3	1.6118633139909736e-05
30325	3	1.6118633139909736e-05
5747	3	1.6118633139909736e-05
4894	3	1.6118633139909736e-05
1795	3	1.6118633139909736e-05
18892	3	1.6118633139909736e-05
21452	3	1.6118633139909736e-05
6866	3	1.6118633139909736e-05
8102	3	1.6118633139909736e-05
10421	3	1.6118633139909736e-05
10629	3	1.6118633139909736e-05
28596	3	1.6118633139909736e-05
5124	3	1.6118633139909736e-05
25912	3	1.6118633139909736e-05
10480	3	1.6118633139909736e-05
18222	3	1.6118633139909736e-05
19897	3	1.6118633139909736e-05
18510	3	1.6118633139909736e-05
3474	3	1.6118633139909736e-05
29229	3	1.6118633139909736e-05
4084	3	1.6118633139909736e-05
18480	3	1.6118633139909736e-05
16148	3	1.6118633139909736e-05
14669	3	1.6118633139909736e-05
2338	3	1.6118633139909736e-05
8950	3	1.6118633139909736e-05
19236	3	1.6118633139909736e-05
7656	3	1.6118633139909736e-05
13821	3	1.6118633139909736e-05
12767	3	1.6118633139909736e-05
665	3	1.6118633139909736e-05
6854	3	1.6118633139909736e-05
3735	3	1.6118633139909736e-05
8632	3	1.6118633139909736e-05
6136	3	1.6118633139909736e-05
20101	3	1.6118633139909736e-05
15937	3	1.6118633139909736e-05
12260	3	1.6118633139909736e-05
16856	3	1.6118633139909736e-05
20238	3	1.6118633139909736e-05
869	3	1.6118633139909736e-05
10908	3	1.6118633139909736e-05
1829	3	1.6118633139909736e-05
2182	3	1.6118633139909736e-05
3744	3	1.6118633139909736e-05
1573	3	1.6118633139909736e-05
27845	3	1.6118633139909736e-05
17654	3	1.6118633139909736e-05
21387	3	1.6118633139909736e-05
12846	3	1.6118633139909736e-05
2546	3	1.6118633139909736e-05
9503	3	1.6118633139909736e-05
26060	3	1.6118633139909736e-05
254	3	1.6118633139909736e-05
11138	3	1.6118633139909736e-05
21656	3	1.6118633139909736e-05
14400	3	1.6118633139909736e-05
14463	3	1.6118633139909736e-05
29064	3	1.6118633139909736e-05
2243	3	1.6118633139909736e-05
3176	3	1.6118633139909736e-05
4602	3	1.6118633139909736e-05
17147	3	1.6118633139909736e-05
2940	3	1.6118633139909736e-05
5702	3	1.6118633139909736e-05
20827	3	1.6118633139909736e-05
8519	3	1.6118633139909736e-05
3948	3	1.6118633139909736e-05
8027	3	1.6118633139909736e-05
973	3	1.6118633139909736e-05
16822	3	1.6118633139909736e-05
9920	3	1.6118633139909736e-05
23106	3	1.6118633139909736e-05
10702	3	1.6118633139909736e-05
4365	3	1.6118633139909736e-05
9361	3	1.6118633139909736e-05
24438	3	1.6118633139909736e-05
4881	3	1.6118633139909736e-05
17403	3	1.6118633139909736e-05
10025	3	1.6118633139909736e-05
2650	3	1.6118633139909736e-05
28716	3	1.6118633139909736e-05
6384	3	1.6118633139909736e-05
503	3	1.6118633139909736e-05
23247	3	1.6118633139909736e-05
28200	3	1.6118633139909736e-05
2073	3	1.6118633139909736e-05
2107	3	1.6118633139909736e-05
9847	3	1.6118633139909736e-05
20413	3	1.6118633139909736e-05
15536	3	1.6118633139909736e-05
16725	3	1.6118633139909736e-05
23393	3	1.6118633139909736e-05
13940	3	1.6118633139909736e-05
2440	3	1.6118633139909736e-05
8110	3	1.6118633139909736e-05
24667	2	1.074575542660649e-05
3393	2	1.074575542660649e-05
5298	2	1.074575542660649e-05
16007	2	1.074575542660649e-05
7921	2	1.074575542660649e-05
22643	2	1.074575542660649e-05
19660	2	1.074575542660649e-05
2804	2	1.074575542660649e-05
22470	2	1.074575542660649e-05
22728	2	1.074575542660649e-05
1558	2	1.074575542660649e-05
23557	2	1.074575542660649e-05
4745	2	1.074575542660649e-05
23550	2	1.074575542660649e-05
12443	2	1.074575542660649e-05
2960	2	1.074575542660649e-05
14135	2	1.074575542660649e-05
599	2	1.074575542660649e-05
7143	2	1.074575542660649e-05
21639	2	1.074575542660649e-05
14261	2	1.074575542660649e-05
12354	2	1.074575542660649e-05
17946	2	1.074575542660649e-05
19296	2	1.074575542660649e-05
20796	2	1.074575542660649e-05
13256	2	1.074575542660649e-05
19044	2	1.074575542660649e-05
4013	2	1.074575542660649e-05
4479	2	1.074575542660649e-05
13473	2	1.074575542660649e-05
10547	2	1.074575542660649e-05
26953	2	1.074575542660649e-05
2405	2	1.074575542660649e-05
26134	2	1.074575542660649e-05
12234	2	1.074575542660649e-05
4981	2	1.074575542660649e-05
4924	2	1.074575542660649e-05
11140	2	1.074575542660649e-05
11712	2	1.074575542660649e-05
437	2	1.074575542660649e-05
10404	2	1.074575542660649e-05
270	2	1.074575542660649e-05
13446	2	1.074575542660649e-05
3905	2	1.074575542660649e-05
13490	2	1.074575542660649e-05
4903	2	1.074575542660649e-05
14346	2	1.074575542660649e-05
24736	2	1.074575542660649e-05
10523	2	1.074575542660649e-05
3166	2	1.074575542660649e-05
14981	2	1.074575542660649e-05
30331	2	1.074575542660649e-05
14462	2	1.074575542660649e-05
9575	2	1.074575542660649e-05
27429	2	1.074575542660649e-05
25360	2	1.074575542660649e-05
9896	2	1.074575542660649e-05
5212	2	1.074575542660649e-05
7908	2	1.074575542660649e-05
22975	2	1.074575542660649e-05
23397	2	1.074575542660649e-05
10372	2	1.074575542660649e-05
268	2	1.074575542660649e-05
21766	2	1.074575542660649e-05
25599	2	1.074575542660649e-05
1726	2	1.074575542660649e-05
1362	2	1.074575542660649e-05
10008	2	1.074575542660649e-05
1464	2	1.074575542660649e-05
7490	2	1.074575542660649e-05
26476	2	1.074575542660649e-05
5856	2	1.074575542660649e-05
4190	2	1.074575542660649e-05
7230	2	1.074575542660649e-05
24190	2	1.074575542660649e-05
16419	2	1.074575542660649e-05
11264	2	1.074575542660649e-05
6375	2	1.074575542660649e-05
11915	2	1.074575542660649e-05
18820	2	1.074575542660649e-05
15264	2	1.074575542660649e-05
27086	2	1.074575542660649e-05
22940	2	1.074575542660649e-05
21510	2	1.074575542660649e-05
18878	2	1.074575542660649e-05
14914	2	1.074575542660649e-05
17169	2	1.074575542660649e-05
1508	2	1.074575542660649e-05
12499	2	1.074575542660649e-05
2211	2	1.074575542660649e-05
10819	2	1.074575542660649e-05
4920	2	1.074575542660649e-05
1803	2	1.074575542660649e-05
6342	2	1.074575542660649e-05
27820	2	1.074575542660649e-05
26826	2	1.074575542660649e-05
6757	2	1.074575542660649e-05
21367	2	1.074575542660649e-05
10466	2	1.074575542660649e-05
7038	2	1.074575542660649e-05
22890	2	1.074575542660649e-05
4817	2	1.074575542660649e-05
24656	2	1.074575542660649e-05
9120	2	1.074575542660649e-05
26548	2	1.074575542660649e-05
26493	2	1.074575542660649e-05
9475	2	1.074575542660649e-05
18671	2	1.074575542660649e-05
8104	2	1.074575542660649e-05
1568	2	1.074575542660649e-05
8261	2	1.074575542660649e-05
20633	2	1.074575542660649e-05
2207	2	1.074575542660649e-05
24448	2	1.074575542660649e-05
9366	2	1.074575542660649e-05
19590	2	1.074575542660649e-05
9486	2	1.074575542660649e-05
23172	2	1.074575542660649e-05
1353	2	1.074575542660649e-05
2928	2	1.074575542660649e-05
328	2	1.074575542660649e-05
5667	2	1.074575542660649e-05
23361	2	1.074575542660649e-05
28375	2	1.074575542660649e-05
21359	2	1.074575542660649e-05
9066	2	1.074575542660649e-05
14936	2	1.074575542660649e-05
26462	2	1.074575542660649e-05
19445	2	1.074575542660649e-05
18470	2	1.074575542660649e-05
4607	2	1.074575542660649e-05
17211	2	1.074575542660649e-05
9152	2	1.074575542660649e-05
6725	2	1.074575542660649e-05
22864	2	1.074575542660649e-05
28210	2	1.074575542660649e-05
13941	2	1.074575542660649e-05
2791	2	1.074575542660649e-05
16415	2	1.074575542660649e-05
7618	2	1.074575542660649e-05
9036	2	1.074575542660649e-05
1022	2	1.074575542660649e-05
15548	2	1.074575542660649e-05
1623	2	1.074575542660649e-05
15529	2	1.074575542660649e-05
12978	2	1.074575542660649e-05
2053	2	1.074575542660649e-05
2573	2	1.074575542660649e-05
6044	2	1.074575542660649e-05
21181	2	1.074575542660649e-05
3508	2	1.074575542660649e-05
29364	2	1.074575542660649e-05
12203	2	1.074575542660649e-05
25495	2	1.074575542660649e-05
7478	2	1.074575542660649e-05
1663	2	1.074575542660649e-05
7188	2	1.074575542660649e-05
26024	2	1.074575542660649e-05
1386	2	1.074575542660649e-05
26745	2	1.074575542660649e-05
53	2	1.074575542660649e-05
16754	2	1.074575542660649e-05
19439	2	1.074575542660649e-05
8291	2	1.074575542660649e-05
11531	2	1.074575542660649e-05
873	2	1.074575542660649e-05
1689	2	1.074575542660649e-05
3396	2	1.074575542660649e-05
15167	2	1.074575542660649e-05
5518	2	1.074575542660649e-05
1822	2	1.074575542660649e-05
10840	2	1.074575542660649e-05
1871	2	1.074575542660649e-05
11936	2	1.074575542660649e-05
9085	2	1.074575542660649e-05
27410	2	1.074575542660649e-05
14694	2	1.074575542660649e-05
9058	2	1.074575542660649e-05
22211	2	1.074575542660649e-05
6682	2	1.074575542660649e-05
16993	2	1.074575542660649e-05
8970	2	1.074575542660649e-05
8162	2	1.074575542660649e-05
2476	2	1.074575542660649e-05
8021	2	1.074575542660649e-05
11813	2	1.074575542660649e-05
13766	2	1.074575542660649e-05
9491	2	1.074575542660649e-05
16486	2	1.074575542660649e-05
4206	2	1.074575542660649e-05
1493	2	1.074575542660649e-05
8351	2	1.074575542660649e-05
22925	2	1.074575542660649e-05
2106	2	1.074575542660649e-05
3745	2	1.074575542660649e-05
24738	2	1.074575542660649e-05
2084	2	1.074575542660649e-05
2684	2	1.074575542660649e-05
6626	2	1.074575542660649e-05
5910	2	1.074575542660649e-05
10203	2	1.074575542660649e-05
12243	2	1.074575542660649e-05
1906	2	1.074575542660649e-05
25386	2	1.074575542660649e-05
3958	2	1.074575542660649e-05
19390	2	1.074575542660649e-05
1519	2	1.074575542660649e-05
30197	2	1.074575542660649e-05
687	2	1.074575542660649e-05
24307	2	1.074575542660649e-05
21223	2	1.074575542660649e-05
10675	2	1.074575542660649e-05
25524	2	1.074575542660649e-05
27624	2	1.074575542660649e-05
2178	2	1.074575542660649e-05
4862	2	1.074575542660649e-05
20211	2	1.074575542660649e-05
4202	2	1.074575542660649e-05
31	2	1.074575542660649e-05
716	2	1.074575542660649e-05
16690	2	1.074575542660649e-05
4134	2	1.074575542660649e-05
1549	2	1.074575542660649e-05
1263	2	1.074575542660649e-05
406	2	1.074575542660649e-05
19116	2	1.074575542660649e-05
9443	2	1.074575542660649e-05
2659	2	1.074575542660649e-05
22758	2	1.074575542660649e-05
7272	2	1.074575542660649e-05
6422	2	1.074575542660649e-05
9213	2	1.074575542660649e-05
15804	2	1.074575542660649e-05
23407	2	1.074575542660649e-05
10729	2	1.074575542660649e-05
26077	2	1.074575542660649e-05
9358	2	1.074575542660649e-05
1385	2	1.074575542660649e-05
9373	2	1.074575542660649e-05
10277	2	1.074575542660649e-05
25141	2	1.074575542660649e-05
9796	2	1.074575542660649e-05
23906	2	1.074575542660649e-05
15203	2	1.074575542660649e-05
4932	2	1.074575542660649e-05
4861	2	1.074575542660649e-05
15750	2	1.074575542660649e-05
1856	2	1.074575542660649e-05
11753	2	1.074575542660649e-05
259	2	1.074575542660649e-05
8566	2	1.074575542660649e-05
6562	2	1.074575542660649e-05
3033	2	1.074575542660649e-05
19686	2	1.074575542660649e-05
24423	2	1.074575542660649e-05
22862	2	1.074575542660649e-05
24150	2	1.074575542660649e-05
17659	2	1.074575542660649e-05
7262	2	1.074575542660649e-05
3038	2	1.074575542660649e-05
2762	2	1.074575542660649e-05
27655	2	1.074575542660649e-05
27127	2	1.074575542660649e-05
10254	2	1.074575542660649e-05
1687	2	1.074575542660649e-05
172	2	1.074575542660649e-05
15682	2	1.074575542660649e-05
19410	2	1.074575542660649e-05
1768	2	1.074575542660649e-05
11501	2	1.074575542660649e-05
23774	2	1.074575542660649e-05
8019	2	1.074575542660649e-05
8906	2	1.074575542660649e-05
13930	2	1.074575542660649e-05
11100	2	1.074575542660649e-05
15658	2	1.074575542660649e-05
26291	2	1.074575542660649e-05
16581	2	1.074575542660649e-05
14916	2	1.074575542660649e-05
4051	2	1.074575542660649e-05
14352	2	1.074575542660649e-05
27517	2	1.074575542660649e-05
18769	2	1.074575542660649e-05
12628	2	1.074575542660649e-05
12770	2	1.074575542660649e-05
9728	2	1.074575542660649e-05
2330	2	1.074575542660649e-05
4353	2	1.074575542660649e-05
7694	2	1.074575542660649e-05
23781	2	1.074575542660649e-05
19644	2	1.074575542660649e-05
16445	2	1.074575542660649e-05
13566	2	1.074575542660649e-05
28068	2	1.074575542660649e-05
21102	2	1.074575542660649e-05
405	2	1.074575542660649e-05
3307	2	1.074575542660649e-05
15269	2	1.074575542660649e-05
19182	2	1.074575542660649e-05
11318	2	1.074575542660649e-05
8326	2	1.074575542660649e-05
16345	2	1.074575542660649e-05
4557	2	1.074575542660649e-05
14376	2	1.074575542660649e-05
6461	2	1.074575542660649e-05
30095	2	1.074575542660649e-05
2381	2	1.074575542660649e-05
14075	2	1.074575542660649e-05
19024	2	1.074575542660649e-05
2826	2	1.074575542660649e-05
15290	2	1.074575542660649e-05
8979	2	1.074575542660649e-05
5878	2	1.074575542660649e-05
13306	2	1.074575542660649e-05
21304	2	1.074575542660649e-05
8659	2	1.074575542660649e-05
7786	2	1.074575542660649e-05
14684	2	1.074575542660649e-05
14828	2	1.074575542660649e-05
27636	2	1.074575542660649e-05
8163	1	5.372877713303245e-06
26956	1	5.372877713303245e-06
28577	1	5.372877713303245e-06
15471	1	5.372877713303245e-06
21183	1	5.372877713303245e-06
100	1	5.372877713303245e-06
26099	1	5.372877713303245e-06
26561	1	5.372877713303245e-06
6970	1	5.372877713303245e-06
3965	1	5.372877713303245e-06
16265	1	5.372877713303245e-06
17112	1	5.372877713303245e-06
3833	1	5.372877713303245e-06
25165	1	5.372877713303245e-06
24848	1	5.372877713303245e-06
24658	1	5.372877713303245e-06
10229	1	5.372877713303245e-06
7559	1	5.372877713303245e-06
6071	1	5.372877713303245e-06
8431	1	5.372877713303245e-06
15818	1	5.372877713303245e-06
6162	1	5.372877713303245e-06
6379	1	5.372877713303245e-06
5881	1	5.372877713303245e-06
3571	1	5.372877713303245e-06
26384	1	5.372877713303245e-06
25327	1	5.372877713303245e-06
20907	1	5.372877713303245e-06
6591	1	5.372877713303245e-06
1882	1	5.372877713303245e-06
253	1	5.372877713303245e-06
26935	1	5.372877713303245e-06
13775	1	5.372877713303245e-06
16516	1	5.372877713303245e-06
15466	1	5.372877713303245e-06
427	1	5.372877713303245e-06
4585	1	5.372877713303245e-06
22220	1	5.372877713303245e-06
2716	1	5.372877713303245e-06
24064	1	5.372877713303245e-06
8190	1	5.372877713303245e-06
27513	1	5.372877713303245e-06
2859	1	5.372877713303245e-06
4151	1	5.372877713303245e-06
139	1	5.372877713303245e-06
22071	1	5.372877713303245e-06
22390	1	5.372877713303245e-06
12863	1	5.372877713303245e-06
19782	1	5.372877713303245e-06
30667	1	5.372877713303245e-06
29488	1	5.372877713303245e-06
702	1	5.372877713303245e-06
9471	1	5.372877713303245e-06
15288	1	5.372877713303245e-06
9104	1	5.372877713303245e-06
7019	1	5.372877713303245e-06
12299	1	5.372877713303245e-06
4752	1	5.372877713303245e-06
10665	1	5.372877713303245e-06
11504	1	5.372877713303245e-06
28282	1	5.372877713303245e-06
22360	1	5.372877713303245e-06
9619	1	5.372877713303245e-06
11369	1	5.372877713303245e-06
4465	1	5.372877713303245e-06
3369	1	5.372877713303245e-06
20739	1	5.372877713303245e-06
4656	1	5.372877713303245e-06
14166	1	5.372877713303245e-06
18113	1	5.372877713303245e-06
26612	1	5.372877713303245e-06
13168	1	5.372877713303245e-06
16819	1	5.372877713303245e-06
22209	1	5.372877713303245e-06
21008	1	5.372877713303245e-06
1537	1	5.372877713303245e-06
23499	1	5.372877713303245e-06
8357	1	5.372877713303245e-06
211	1	5.372877713303245e-06
4487	1	5.372877713303245e-06
3308	1	5.372877713303245e-06
23366	1	5.372877713303245e-06
22192	1	5.372877713303245e-06
12537	1	5.372877713303245e-06
5430	1	5.372877713303245e-06
20226	1	5.372877713303245e-06
11325	1	5.372877713303245e-06
21291	1	5.372877713303245e-06
12560	1	5.372877713303245e-06
4616	1	5.372877713303245e-06
7419	1	5.372877713303245e-06
1080	1	5.372877713303245e-06
25947	1	5.372877713303245e-06
30499	1	5.372877713303245e-06
26255	1	5.372877713303245e-06
4681	1	5.372877713303245e-06
18843	1	5.372877713303245e-06
2006	1	5.372877713303245e-06
4650	1	5.372877713303245e-06
16018	1	5.372877713303245e-06
16348	1	5.372877713303245e-06
720	1	5.372877713303245e-06
1029	1	5.372877713303245e-06
8427	1	5.372877713303245e-06
19164	1	5.372877713303245e-06
2862	1	5.372877713303245e-06
3344	1	5.372877713303245e-06
1544	1	5.372877713303245e-06
15241	1	5.372877713303245e-06
13547	1	5.372877713303245e-06
13406	1	5.372877713303245e-06
12434	1	5.372877713303245e-06
17007	1	5.372877713303245e-06
581	1	5.372877713303245e-06
3389	1	5.372877713303245e-06
160	1	5.372877713303245e-06
7562	1	5.372877713303245e-06
10930	1	5.372877713303245e-06
13704	1	5.372877713303245e-06
15586	1	5.372877713303245e-06
3395	1	5.372877713303245e-06
8295	1	5.372877713303245e-06
428	1	5.372877713303245e-06
6180	1	5.372877713303245e-06
4694	1	5.372877713303245e-06
9379	1	5.372877713303245e-06
6695	1	5.372877713303245e-06
17302	1	5.372877713303245e-06
2979	1	5.372877713303245e-06
15662	1	5.372877713303245e-06
14697	1	5.372877713303245e-06
12655	1	5.372877713303245e-06
2686	1	5.372877713303245e-06
3931	1	5.372877713303245e-06
182	1	5.372877713303245e-06
9881	1	5.372877713303245e-06
6128	1	5.372877713303245e-06
2295	1	5.372877713303245e-06
8706	1	5.372877713303245e-06
20076	1	5.372877713303245e-06
6054	1	5.372877713303245e-06
12620	1	5.372877713303245e-06
8783	1	5.372877713303245e-06
12851	1	5.372877713303245e-06
19047	1	5.372877713303245e-06
20387	1	5.372877713303245e-06
14159	1	5.372877713303245e-06
4432	1	5.372877713303245e-06
2253	1	5.372877713303245e-06
12968	1	5.372877713303245e-06
15863	1	5.372877713303245e-06
24407	1	5.372877713303245e-06
24691	1	5.372877713303245e-06
6688	1	5.372877713303245e-06
853	1	5.372877713303245e-06
20926	1	5.372877713303245e-06
11104	1	5.372877713303245e-06
2079	1	5.372877713303245e-06
8401	1	5.372877713303245e-06
16319	1	5.372877713303245e-06
21540	1	5.372877713303245e-06
7065	1	5.372877713303245e-06
9409	1	5.372877713303245e-06
4416	1	5.372877713303245e-06
4715	1	5.372877713303245e-06
6550	1	5.372877713303245e-06
1343	1	5.372877713303245e-06
16594	1	5.372877713303245e-06
29459	1	5.372877713303245e-06
24433	1	5.372877713303245e-06
23261	1	5.372877713303245e-06
12705	1	5.372877713303245e-06
5069	1	5.372877713303245e-06
6759	1	5.372877713303245e-06
19963	1	5.372877713303245e-06
28847	1	5.372877713303245e-06
4369	1	5.372877713303245e-06
1818	1	5.372877713303245e-06
28915	1	5.372877713303245e-06
3933	1	5.372877713303245e-06
5815	1	5.372877713303245e-06
11110	1	5.372877713303245e-06
30164	1	5.372877713303245e-06
4089	1	5.372877713303245e-06
12336	1	5.372877713303245e-06
9006	1	5.372877713303245e-06
17885	1	5.372877713303245e-06
220	1	5.372877713303245e-06
15196	1	5.372877713303245e-06
16963	1	5.372877713303245e-06
38	1	5.372877713303245e-06
4180	1	5.372877713303245e-06
3862	1	5.372877713303245e-06
19190	1	5.372877713303245e-06
1763	1	5.372877713303245e-06
1640	1	5.372877713303245e-06
61	1	5.372877713303245e-06
8186	1	5.372877713303245e-06
7056	1	5.372877713303245e-06
23602	1	5.372877713303245e-06
24381	1	5.372877713303245e-06
2146	1	5.372877713303245e-06
14019	1	5.372877713303245e-06
2485	1	5.372877713303245e-06
13218	1	5.372877713303245e-06
15539	1	5.372877713303245e-06
5465	1	5.372877713303245e-06
10488	1	5.372877713303245e-06
22906	1	5.372877713303245e-06
6166	1	5.372877713303245e-06
13134	1	5.372877713303245e-06
1361	1	5.372877713303245e-06
2358	1	5.372877713303245e-06
13255	1	5.372877713303245e-06
11245	1	5.372877713303245e-06
27215	1	5.372877713303245e-06
2011	1	5.372877713303245e-06
15638	1	5.372877713303245e-06
25179	1	5.372877713303245e-06
1417	1	5.372877713303245e-06
2427	1	5.372877713303245e-06
10616	1	5.372877713303245e-06
18975	1	5.372877713303245e-06
30339	1	5.372877713303245e-06
13300	1	5.372877713303245e-06
26712	1	5.372877713303245e-06
6818	1	5.372877713303245e-06
6011	1	5.372877713303245e-06
7235	1	5.372877713303245e-06
19150	1	5.372877713303245e-06
21945	1	5.372877713303245e-06
5709	1	5.372877713303245e-06
6940	1	5.372877713303245e-06
15892	1	5.372877713303245e-06
1450	1	5.372877713303245e-06
8237	1	5.372877713303245e-06
25919	1	5.372877713303245e-06
29627	1	5.372877713303245e-06
10913	1	5.372877713303245e-06
1994	1	5.372877713303245e-06
1257	1	5.372877713303245e-06
13861	1	5.372877713303245e-06
9427	1	5.372877713303245e-06
18213	1	5.372877713303245e-06
9823	1	5.372877713303245e-06
11586	1	5.372877713303245e-06
4299	1	5.372877713303245e-06
7080	1	5.372877713303245e-06
4282	1	5.372877713303245e-06
7956	1	5.372877713303245e-06
5490	1	5.372877713303245e-06
16767	1	5.372877713303245e-06
14668	1	5.372877713303245e-06
17895	1	5.372877713303245e-06
1486	1	5.372877713303245e-06
8923	1	5.372877713303245e-06
17254	1	5.372877713303245e-06
4016	1	5.372877713303245e-06
17162	1	5.372877713303245e-06
14713	1	5.372877713303245e-06
501	1	5.372877713303245e-06
11477	1	5.372877713303245e-06
22432	1	5.372877713303245e-06
25112	1	5.372877713303245e-06
18728	1	5.372877713303245e-06
16164	1	5.372877713303245e-06
5561	1	5.372877713303245e-06
29489	1	5.372877713303245e-06
12285	1	5.372877713303245e-06
18501	1	5.372877713303245e-06
10812	1	5.372877713303245e-06
5216	1	5.372877713303245e-06
18364	1	5.372877713303245e-06
21135	1	5.372877713303245e-06
12734	1	5.372877713303245e-06
15198	1	5.372877713303245e-06
16762	1	5.372877713303245e-06
4603	1	5.372877713303245e-06
10264	1	5.372877713303245e-06
3472	1	5.372877713303245e-06
2131	1	5.372877713303245e-06
1276	1	5.372877713303245e-06
5004	1	5.372877713303245e-06
12068	1	5.372877713303245e-06
5050	1	5.372877713303245e-06
27284	1	5.372877713303245e-06
7264	1	5.372877713303245e-06
24258	1	5.372877713303245e-06
13551	1	5.372877713303245e-06
12971	1	5.372877713303245e-06
30011	1	5.372877713303245e-06
7774	1	5.372877713303245e-06
29438	1	5.372877713303245e-06
25974	1	5.372877713303245e-06
16384	1	5.372877713303245e-06
1238	1	5.372877713303245e-06
4720	1	5.372877713303245e-06
11709	1	5.372877713303245e-06
6425	1	5.372877713303245e-06
11284	1	5.372877713303245e-06
288	1	5.372877713303245e-06
20647	1	5.372877713303245e-06
16531	1	5.372877713303245e-06
14210	1	5.372877713303245e-06
7465	1	5.372877713303245e-06
28757	1	5.372877713303245e-06
21517	1	5.372877713303245e-06
1405	1	5.372877713303245e-06
21920	1	5.372877713303245e-06
2088	1	5.372877713303245e-06
30188	1	5.372877713303245e-06
509	1	5.372877713303245e-06
10051	1	5.372877713303245e-06
954	1	5.372877713303245e-06
2572	1	5.372877713303245e-06
2722	1	5.372877713303245e-06
1522	1	5.372877713303245e-06
14345	1	5.372877713303245e-06
638	1	5.372877713303245e-06
28584	1	5.372877713303245e-06
15384	1	5.372877713303245e-06
21440	1	5.372877713303245e-06
33	1	5.372877713303245e-06
892	1	5.372877713303245e-06
10555	1	5.372877713303245e-06
12894	1	5.372877713303245e-06
9662	1	5.372877713303245e-06
10245	1	5.372877713303245e-06
8638	1	5.372877713303245e-06
3259	1	5.372877713303245e-06
24514	1	5.372877713303245e-06
10714	1	5.372877713303245e-06
10778	1	5.372877713303245e-06
17411	1	5.372877713303245e-06
8152	1	5.372877713303245e-06
3262	1	5.372877713303245e-06
13648	1	5.372877713303245e-06
27329	1	5.372877713303245e-06
30689	1	5.372877713303245e-06
13161	1	5.372877713303245e-06
7081	1	5.372877713303245e-06
24909	1	5.372877713303245e-06
5715	1	5.372877713303245e-06
24036	1	5.372877713303245e-06
3192	1	5.372877713303245e-06
2783	1	5.372877713303245e-06
29881	1	5.372877713303245e-06
9129	1	5.372877713303245e-06
15597	1	5.372877713303245e-06
12232	1	5.372877713303245e-06
7985	1	5.372877713303245e-06
1841	1	5.372877713303245e-06
2959	1	5.372877713303245e-06
664	1	5.372877713303245e-06
22171	1	5.372877713303245e-06
3315	1	5.372877713303245e-06
21644	1	5.372877713303245e-06
17275	1	5.372877713303245e-06
8147	1	5.372877713303245e-06
15707	1	5.372877713303245e-06
15921	1	5.372877713303245e-06
23918	1	5.372877713303245e-06
10992	1	5.372877713303245e-06
205	1	5.372877713303245e-06
7844	1	5.372877713303245e-06
29754	1	5.372877713303245e-06
20645	1	5.372877713303245e-06
6010	1	5.372877713303245e-06
6083	1	5.372877713303245e-06
316	1	5.372877713303245e-06
15974	1	5.372877713303245e-06
5239	1	5.372877713303245e-06
2840	1	5.372877713303245e-06
2612	1	5.372877713303245e-06
7088	1	5.372877713303245e-06
1830	1	5.372877713303245e-06
7945	1	5.372877713303245e-06
763	1	5.372877713303245e-06
28784	1	5.372877713303245e-06
372	1	5.372877713303245e-06
18989	1	5.372877713303245e-06
26472	1	5.372877713303245e-06
9804	1	5.372877713303245e-06
537	1	5.372877713303245e-06
346	1	5.372877713303245e-06
1644	1	5.372877713303245e-06
11554	1	5.372877713303245e-06
6407	1	5.372877713303245e-06
21175	1	5.372877713303245e-06
22269	1	5.372877713303245e-06
30603	1	5.372877713303245e-06
14227	1	5.372877713303245e-06
4288	1	5.372877713303245e-06
15559	1	5.372877713303245e-06
6941	1	5.372877713303245e-06
10704	1	5.372877713303245e-06
5296	1	5.372877713303245e-06
5661	1	5.372877713303245e-06
12985	1	5.372877713303245e-06
6220	1	5.372877713303245e-06
3104	1	5.372877713303245e-06
2876	1	5.372877713303245e-06
16077	1	5.372877713303245e-06
4146	1	5.372877713303245e-06
15090	1	5.372877713303245e-06
21033	1	5.372877713303245e-06
17014	1	5.372877713303245e-06
30655	1	5.372877713303245e-06
26464	1	5.372877713303245e-06
14436	1	5.372877713303245e-06
4660	1	5.372877713303245e-06
1599	1	5.372877713303245e-06
7114	1	5.372877713303245e-06
25946	1	5.372877713303245e-06
471	1	5.372877713303245e-06
29763	1	5.372877713303245e-06
8751	1	5.372877713303245e-06
20330	1	5.372877713303245e-06
9721	1	5.372877713303245e-06
12802	1	5.372877713303245e-06
9624	1	5.372877713303245e-06
10823	1	5.372877713303245e-06
9103	1	5.372877713303245e-06
22948	1	5.372877713303245e-06
23701	1	5.372877713303245e-06
6016	1	5.372877713303245e-06
26247	1	5.372877713303245e-06
2065	1	5.372877713303245e-06
2098	1	5.372877713303245e-06
7836	1	5.372877713303245e-06
748	1	5.372877713303245e-06
125	1	5.372877713303245e-06
12855	1	5.372877713303245e-06
17083	1	5.372877713303245e-06
762	1	5.372877713303245e-06
25872	1	5.372877713303245e-06
1223	1	5.372877713303245e-06
18979	1	5.372877713303245e-06
15235	1	5.372877713303245e-06
12997	1	5.372877713303245e-06
18804	1	5.372877713303245e-06
17525	1	5.372877713303245e-06
6977	1	5.372877713303245e-06
11278	1	5.372877713303245e-06
267	1	5.372877713303245e-06
2406	1	5.372877713303245e-06
14975	1	5.372877713303245e-06
5964	1	5.372877713303245e-06
23975	1	5.372877713303245e-06
29983	1	5.372877713303245e-06
315	1	5.372877713303245e-06
19523	1	5.372877713303245e-06
12925	1	5.372877713303245e-06
10721	1	5.372877713303245e-06
27769	1	5.372877713303245e-06
18120	1	5.372877713303245e-06
4324	1	5.372877713303245e-06
23660	1	5.372877713303245e-06
9134	1	5.372877713303245e-06
19944	1	5.372877713303245e-06
8112	1	5.372877713303245e-06
6745	1	5.372877713303245e-06
13833	1	5.372877713303245e-06
25892	1	5.372877713303245e-06
23024	1	5.372877713303245e-06
16121	1	5.372877713303245e-06
11809	1	5.372877713303245e-06
12517	1	5.372877713303245e-06
2003	1	5.372877713303245e-06
15337	1	5.372877713303245e-06
29648	1	5.372877713303245e-06
10072	1	5.372877713303245e-06
11454	1	5.372877713303245e-06
4399	1	5.372877713303245e-06
1748	1	5.372877713303245e-06
23364	1	5.372877713303245e-06
15971	1	5.372877713303245e-06
7231	1	5.372877713303245e-06
25762	1	5.372877713303245e-06
10712	1	5.372877713303245e-06
6644	1	5.372877713303245e-06
12210	1	5.372877713303245e-06
19606	1	5.372877713303245e-06
13318	1	5.372877713303245e-06
22078	1	5.372877713303245e-06
18981	1	5.372877713303245e-06
10784	1	5.372877713303245e-06
5027	1	5.372877713303245e-06
3557	1	5.372877713303245e-06
3639	1	5.372877713303245e-06
9755	1	5.372877713303245e-06
3134	1	5.372877713303245e-06
634	1	5.372877713303245e-06
29787	1	5.372877713303245e-06
24478	1	5.372877713303245e-06
4061	1	5.372877713303245e-06
12774	1	5.372877713303245e-06
24432	1	5.372877713303245e-06
7886	1	5.372877713303245e-06
10380	1	5.372877713303245e-06
17108	1	5.372877713303245e-06
25117	1	5.372877713303245e-06
19642	1	5.372877713303245e-06
1369	1	5.372877713303245e-06
12172	1	5.372877713303245e-06
6876	1	5.372877713303245e-06
4223	1	5.372877713303245e-06
22480	1	5.372877713303245e-06
6394	1	5.372877713303245e-06
17089	1	5.372877713303245e-06
13137	1	5.372877713303245e-06
2592	1	5.372877713303245e-06
4916	1	5.372877713303245e-06
20441	1	5.372877713303245e-06
24110	1	5.372877713303245e-06
659	1	5.372877713303245e-06
6509	1	5.372877713303245e-06
4027	1	5.372877713303245e-06
6094	1	5.372877713303245e-06
6232	1	5.372877713303245e-06
2734	1	5.372877713303245e-06
13413	1	5.372877713303245e-06
10487	1	5.372877713303245e-06
25801	1	5.372877713303245e-06
24554	1	5.372877713303245e-06
9956	1	5.372877713303245e-06
9484	1	5.372877713303245e-06
4473	1	5.372877713303245e-06
6508	1	5.372877713303245e-06
1527	1	5.372877713303245e-06
7001	1	5.372877713303245e-06
1685	1	5.372877713303245e-06
26295	1	5.372877713303245e-06
9124	1	5.372877713303245e-06
30342	1	5.372877713303245e-06
20722	1	5.372877713303245e-06
16724	1	5.372877713303245e-06
16668	1	5.372877713303245e-06
24930	1	5.372877713303245e-06
9176	1	5.372877713303245e-06
19058	1	5.372877713303245e-06
12058	1	5.372877713303245e-06
4978	1	5.372877713303245e-06
4405	1	5.372877713303245e-06
19877	1	5.372877713303245e-06
8293	1	5.372877713303245e-06
13749	1	5.372877713303245e-06
2689	1	5.372877713303245e-06
9563	1	5.372877713303245e-06
20972	1	5.372877713303245e-06
27577	1	5.372877713303245e-06
11505	1	5.372877713303245e-06
16376	1	5.372877713303245e-06
10408	1	5.372877713303245e-06
21302	1	5.372877713303245e-06
4373	1	5.372877713303245e-06
11154	1	5.372877713303245e-06
15412	1	5.372877713303245e-06
16197	1	5.372877713303245e-06
10581	1	5.372877713303245e-06
28380	1	5.372877713303245e-06
7293	1	5.372877713303245e-06
25689	1	5.372877713303245e-06
30519	1	5.372877713303245e-06
8319	1	5.372877713303245e-06
26330	1	5.372877713303245e-06
24998	1	5.372877713303245e-06
4238	1	5.372877713303245e-06
25070	1	5.372877713303245e-06
18300	1	5.372877713303245e-06
8812	1	5.372877713303245e-06
7605	1	5.372877713303245e-06
20813	1	5.372877713303245e-06
3707	1	5.372877713303245e-06
10610	1	5.372877713303245e-06
8227	1	5.372877713303245e-06
4674	1	5.372877713303245e-06
11550	1	5.372877713303245e-06
10298	1	5.372877713303245e-06
2554	1	5.372877713303245e-06
2995	1	5.372877713303245e-06
14538	1	5.372877713303245e-06
863	1	5.372877713303245e-06
227	1	5.372877713303245e-06
17054	1	5.372877713303245e-06
5370	1	5.372877713303245e-06
25662	1	5.372877713303245e-06
24378	1	5.372877713303245e-06
24813	1	5.372877713303245e-06
13396	1	5.372877713303245e-06
2882	1	5.372877713303245e-06
1052	1	5.372877713303245e-06
7124	1	5.372877713303245e-06
4805	1	5.372877713303245e-06
10713	1	5.372877713303245e-06
2973	1	5.372877713303245e-06
309	1	5.372877713303245e-06
21760	1	5.372877713303245e-06
2161	1	5.372877713303245e-06
8534	1	5.372877713303245e-06
39	1	5.372877713303245e-06
3063	1	5.372877713303245e-06
29093	1	5.372877713303245e-06
22380	1	5.372877713303245e-06
29827	1	5.372877713303245e-06
23315	1	5.372877713303245e-06
660	1	5.372877713303245e-06
4628	1	5.372877713303245e-06
23756	1	5.372877713303245e-06
11016	1	5.372877713303245e-06
8899	1	5.372877713303245e-06
3711	1	5.372877713303245e-06
1347	1	5.372877713303245e-06
3143	1	5.372877713303245e-06
575	1	5.372877713303245e-06
1497	1	5.372877713303245e-06
24938	1	5.372877713303245e-06
15727	1	5.372877713303245e-06
3984	1	5.372877713303245e-06
14065	1	5.372877713303245e-06
26113	1	5.372877713303245e-06
14315	1	5.372877713303245e-06
9671	1	5.372877713303245e-06
22914	1	5.372877713303245e-06
4548	1	5.372877713303245e-06
22162	1	5.372877713303245e-06
15212	1	5.372877713303245e-06
8447	1	5.372877713303245e-06
2164	1	5.372877713303245e-06
1993	1	5.372877713303245e-06
19772	1	5.372877713303245e-06
6796	1	5.372877713303245e-06
24366	1	5.372877713303245e-06
10118	1	5.372877713303245e-06
19689	1	5.372877713303245e-06
22004	1	5.372877713303245e-06
915	1	5.372877713303245e-06
8728	1	5.372877713303245e-06
2531	1	5.372877713303245e-06
30191	1	5.372877713303245e-06
11182	1	5.372877713303245e-06
17469	1	5.372877713303245e-06
5334	1	5.372877713303245e-06
18023	1	5.372877713303245e-06
14909	1	5.372877713303245e-06
10848	1	5.372877713303245e-06
7335	1	5.372877713303245e-06
5837	1	5.372877713303245e-06
1834	1	5.372877713303245e-06
19626	1	5.372877713303245e-06
11818	1	5.372877713303245e-06
11183	1	5.372877713303245e-06
13538	1	5.372877713303245e-06
2613	1	5.372877713303245e-06
14865	1	5.372877713303245e-06
26513	1	5.372877713303245e-06
4564	1	5.372877713303245e-06
15697	1	5.372877713303245e-06
9469	1	5.372877713303245e-06
6844	1	5.372877713303245e-06
20135	1	5.372877713303245e-06
11305	1	5.372877713303245e-06
3868	1	5.372877713303245e-06
2676	1	5.372877713303245e-06
24066	1	5.372877713303245e-06
21194	1	5.372877713303245e-06
18994	1	5.372877713303245e-06
20835	1	5.372877713303245e-06
8916	1	5.372877713303245e-06
1424	1	5.372877713303245e-06
18130	1	5.372877713303245e-06
5248	1	5.372877713303245e-06
10554	1	5.372877713303245e-06
15293	1	5.372877713303245e-06
8715	1	5.372877713303245e-06
12787	1	5.372877713303245e-06
582	1	5.372877713303245e-06
1012	1	5.372877713303245e-06
13519	1	5.372877713303245e-06
15061	1	5.372877713303245e-06
8564	1	5.372877713303245e-06
12613	1	5.372877713303245e-06
5848	1	5.372877713303245e-06
5141	1	5.372877713303245e-06
17902	1	5.372877713303245e-06
5867	1	5.372877713303245e-06
13468	1	5.372877713303245e-06
21004	1	5.372877713303245e-06
7486	1	5.372877713303245e-06
22460	1	5.372877713303245e-06
22053	1	5.372877713303245e-06
12585	1	5.372877713303245e-06
27697	1	5.372877713303245e-06
28060	1	5.372877713303245e-06
19813	1	5.372877713303245e-06
6472	1	5.372877713303245e-06
19674	1	5.372877713303245e-06
9389	1	5.372877713303245e-06
30147	1	5.372877713303245e-06
1161	1	5.372877713303245e-06
15631	1	5.372877713303245e-06
27030	1	5.372877713303245e-06
27535	1	5.372877713303245e-06
3915	1	5.372877713303245e-06
28381	1	5.372877713303245e-06
19631	1	5.372877713303245e-06
11755	1	5.372877713303245e-06
20605	1	5.372877713303245e-06
21063	1	5.372877713303245e-06
24168	1	5.372877713303245e-06
4865	1	5.372877713303245e-06
21697	1	5.372877713303245e-06
8230	1	5.372877713303245e-06
11209	1	5.372877713303245e-06
7654	1	5.372877713303245e-06
6691	1	5.372877713303245e-06
10494	1	5.372877713303245e-06
26191	1	5.372877713303245e-06
24145	1	5.372877713303245e-06
18798	1	5.372877713303245e-06
17521	1	5.372877713303245e-06
9499	1	5.372877713303245e-06
6176	1	5.372877713303245e-06
15651	1	5.372877713303245e-06
6023	1	5.372877713303245e-06
2141	1	5.372877713303245e-06
13093	1	5.372877713303245e-06
4424	1	5.372877713303245e-06
18902	1	5.372877713303245e-06
1630	1	5.372877713303245e-06
724	1	5.372877713303245e-06
11886	1	5.372877713303245e-06
11603	1	5.372877713303245e-06
5654	1	5.372877713303245e-06
2584	1	5.372877713303245e-06
27009	1	5.372877713303245e-06
6285	1	5.372877713303245e-06
929	1	5.372877713303245e-06
373	1	5.372877713303245e-06
4131	1	5.372877713303245e-06
16086	1	5.372877713303245e-06
9941	1	5.372877713303245e-06
11860	1	5.372877713303245e-06
3803	1	5.372877713303245e-06
5286	1	5.372877713303245e-06
20482	1	5.372877713303245e-06
1821	1	5.372877713303245e-06
7317	1	5.372877713303245e-06
4845	1	5.372877713303245e-06
26961	1	5.372877713303245e-06
28072	1	5.372877713303245e-06
6753	1	5.372877713303245e-06
20397	1	5.372877713303245e-06
13672	1	5.372877713303245e-06
20370	1	5.372877713303245e-06
8704	1	5.372877713303245e-06
24019	1	5.372877713303245e-06
24395	1	5.372877713303245e-06
7968	1	5.372877713303245e-06
2166	1	5.372877713303245e-06
739	1	5.372877713303245e-06
6293	1	5.372877713303245e-06
14179	1	5.372877713303245e-06
1351	1	5.372877713303245e-06
11481	1	5.372877713303245e-06
30410	1	5.372877713303245e-06
5605	1	5.372877713303245e-06
13639	1	5.372877713303245e-06
19736	1	5.372877713303245e-06
618	1	5.372877713303245e-06
21404	1	5.372877713303245e-06
28843	1	5.372877713303245e-06
5287	1	5.372877713303245e-06
11163	1	5.372877713303245e-06
2356	1	5.372877713303245e-06
8614	1	5.372877713303245e-06
1160	1	5.372877713303245e-06
9525	1	5.372877713303245e-06
14998	1	5.372877713303245e-06
15797	1	5.372877713303245e-06
445	1	5.372877713303245e-06
10283	1	5.372877713303245e-06
3400	1	5.372877713303245e-06
30563	1	5.372877713303245e-06
1660	1	5.372877713303245e-06
1448	1	5.372877713303245e-06
7292	1	5.372877713303245e-06
1503	1	5.372877713303245e-06
11478	1	5.372877713303245e-06
4338	1	5.372877713303245e-06
6329	1	5.372877713303245e-06
24014	1	5.372877713303245e-06
28341	1	5.372877713303245e-06
1940	1	5.372877713303245e-06
12954	1	5.372877713303245e-06
1411	1	5.372877713303245e-06
10538	1	5.372877713303245e-06
13403	1	5.372877713303245e-06
5872	1	5.372877713303245e-06
25208	1	5.372877713303245e-06
24959	1	5.372877713303245e-06
12680	1	5.372877713303245e-06
14243	1	5.372877713303245e-06
17551	1	5.372877713303245e-06
2830	1	5.372877713303245e-06
23698	1	5.372877713303245e-06
1034	1	5.372877713303245e-06
19774	1	5.372877713303245e-06
14185	1	5.372877713303245e-06
1144	1	5.372877713303245e-06
22307	1	5.372877713303245e-06
26232	1	5.372877713303245e-06
7917	1	5.372877713303245e-06
1488	1	5.372877713303245e-06
